0.06100477194317 0.128835170880674 0.158800347778353 0.139217746074726 0.097467510849793 0.0815739775227745 0.0825216642480765 0.0946809549111123 0.0976559332949903 0.105059144523995 0.108675590694505 0.101872003562774 0.111976933296262 0.125312512649214 0.0984354989279285
0.0679542050684128 0.110830028227615 0.160416113035144 0.100944192586034 0.0335028923108458 0.028471265792429 0.0342664638350522 0.036641594992402 0.036449070627922 0.0279502040936637 0.021277589195225 0.0167273958817222 0.0159582466932967 0.010850572384428 0.00964911913793575
0.0371776191605327 0.0567925961522042 0.100823424370517 0.0792897413985167 0.0217120536168928 0.0183280489395462 0.0189610058756477 0.0214990140629682 0.020929441851423 0.0174689527442225 0.0131062275063475 0.009295070475201 0.00904624431878375 0.00640606567093475 0.0057403734405745
0.0503004175282967 0.0805623373077207 0.157461374620619 0.0918830721031672 0.0291615822350255 0.0232921674395062 0.0264716614558165 0.0278493876385997 0.0292199257163902 0.0226458029764205 0.0179411332321097 0.013252052447594 0.0124565306034848 0.008444330846611 0.008044394581188
0.0758943192219975 0.136370878358358 0.198147195073268 0.120422295540904 0.0379728562953442 0.031575200429092 0.0382973715180025 0.0397487338568622 0.040596803753847 0.031267336213101 0.0226001773910055 0.017237472145025 0.017172772991159 0.0117305150489887 0.0104190507542512
0.0339421115352462 0.0511270677621843 0.0858129249276192 0.0611234015459163 0.0199227314143425 0.014734762075347 0.0173869331541345 0.0180747065887982 0.0194854146203025 0.014942373098034 0.0115227055139883 0.00860515296375825 0.00803460824862425 0.005796272787326 0.00541567614031825
0.0737677820948117 0.11142436667218 0.152868818932139 0.091625456372599 0.0331149530691862 0.0290065869384285 0.0333307042481865 0.0364507940580562 0.038897111089061 0.0269219705524683 0.0213036933422073 0.0163202613886755 0.0157302237200692 0.010956472305886 0.00962156126076725
0.0756610371720877 0.117918142200075 0.129868586681815 0.106006903091355 0.0327005107992495 0.0297673166322058 0.0353895885293318 0.0372754387972013 0.0370625928525238 0.026696919834304 0.021372092007593 0.017188027640948 0.0164016151454665 0.0111190199902667 0.0098004115123015
0.0652440722655995 0.109650838968851 0.102738003527027 0.0777207031639745 0.026652953984894 0.0247835828256723 0.031319614432528 0.0306290654150092 0.0287720099314477 0.0219877973642303 0.0174397590350552 0.013449044784105 0.0137902442803075 0.008976258637181 0.00781177692668425
0.0527395624522705 0.0829420610718837 0.148491842126672 0.0776310824539967 0.0248696691875047 0.0222258297714072 0.0245110060958963 0.0273184847342375 0.0263686800183325 0.0220583637482345 0.015593379549339 0.011918021333248 0.0112372797182718 0.00775782779382625 0.00709710283501475
0.021329550691553 0.0328771853352135 0.0711428507543637 0.0536877419729148 0.016189919348411 0.0114465876881493 0.0121347403498685 0.0128339774368853 0.0139673164242125 0.011497023180832 0.008378415228164 0.0062877073646005 0.00561025602611575 0.004111941726254 0.003927247812951
0.0924883736554375 0.133668323977539 0.160687092943511 0.12543809787731 0.0403953749947535 0.0352670883243025 0.0420393923177987 0.0437659805226953 0.0428065303043998 0.0323454638710995 0.0252786300763765 0.0212310486008063 0.0191551984346078 0.0137778564174298 0.011551996486098
0.0511897679297075 0.0769238515413975 0.10428142136487 0.0793156581773662 0.0270686840488857 0.0226011089026405 0.025967114172341 0.026574463206334 0.0264459333104175 0.020125251438348 0.0154578591865325 0.0121329206340317 0.0114959271042667 0.00801838976961825 0.0071507261175905
0.065865564950907 0.0958136029019478 0.112965615191381 0.0733348491915442 0.0287543160776802 0.0259656292807235 0.032077171659534 0.0337674538734707 0.0305527569828875 0.0236535812456287 0.0185965146257113 0.0145690563240703 0.0145219324466028 0.00961317333830225 0.00814473251852375
0.0805659667485858 0.131310462380597 0.1612348306344 0.115192665294247 0.0374113824356735 0.0323370544598827 0.0371217560886462 0.0397691936942257 0.0379495544423933 0.03011805709433 0.0237185288292595 0.0177970631315925 0.0175696207092923 0.0117470514260913 0.0107472659789033
0.0852686325823657 0.120336495248458 0.141960291778262 0.108213588450272 0.034310408366914 0.0318423190833743 0.0386280185163497 0.0405911343535635 0.036126258248004 0.027560350648744 0.0226201917761847 0.0175380327918527 0.0172259712335305 0.0119120800994402 0.0100927845245695
0.038840730804247 0.0504500636697085 0.057000759346347 0.044954266547362 0.014926152735954 0.0141105222895972 0.0173001309302988 0.017297453327136 0.0159956339568037 0.0124509139417742 0.010081696972123 0.00757140743610775 0.0077212480190175 0.00517851758426525 0.00435675309975525
0.0926870505168907 0.1223873818881 0.167315573522004 0.115248371239794 0.0368220299308378 0.0326009297504122 0.0386405705370622 0.0397874667340192 0.0394099974154593 0.0297710184681498 0.023047226887482 0.017304947138615 0.017385063033192 0.011885426479738 0.0104144225781952
0.042701970747922 0.063305646103729 0.121951220834269 0.0701954459476385 0.0235883544049412 0.019420193310659 0.0217521324982515 0.0221684441920103 0.0234624333858285 0.0197366741288495 0.0138445084211695 0.0103214002097495 0.010068077663722 0.00680836638919325 0.006551457257422
0.065122152549451 0.108118230198724 0.136321777560113 0.0924153656310217 0.0325739597043705 0.0289332201350163 0.0323953402043343 0.0355242728242945 0.0343090956991375 0.0272048615449887 0.0207531804438425 0.0163214984773727 0.015282528124718 0.0102976485739025 0.009346026127405
0.0672845887330805 0.105946862806975 0.190900447508616 0.116876349561426 0.034869711676382 0.0291918737988947 0.0340410995124608 0.0351174034560073 0.0370693798354323 0.027779910254254 0.021753817917042 0.0157920390133128 0.0151959009909085 0.0106451817549052 0.00982809495400075
0.0823547132850455 0.10961754539204 0.119334990312369 0.0813711438614385 0.0327058108220177 0.0296231400008753 0.034964062095666 0.0367631618818172 0.0342503862022923 0.0249403569961937 0.0208821156535735 0.0162597267256333 0.0161824835951703 0.0109693381365975 0.009572851088839
0.068912858259352 0.122985188728065 0.147854569835631 0.104022761981421 0.03215776804713 0.0286836436159333 0.0335386510346375 0.0357443277539755 0.0324968640953157 0.0251047430710432 0.0203731334809145 0.016545373379658 0.0155473026808685 0.0107524418294248 0.00909349812077425
0.0461313754997413 0.07820145226018 0.150068245472822 0.082729222364898 0.0254355171850988 0.019854544839118 0.0226435762422925 0.024832534197027 0.0257851976112715 0.0208212549496603 0.0154553441514957 0.0115014057059925 0.0108767641003295 0.00757121885204125 0.007183382111045
0.0723809403850507 0.123131393000313 0.163892651373561 0.114428683171269 0.0353949720139905 0.0308162930835338 0.035269523391085 0.038052339779024 0.038784127753033 0.0286695447453142 0.022794375686431 0.0171724307847448 0.0166238937920953 0.0110258654477733 0.010361199324119
0.0539521821562905 0.0852398482512407 0.150831635401889 0.0983087882224605 0.0312008114754463 0.0245490572179068 0.0278302772157768 0.0291023877780885 0.0297662170960688 0.025015839691941 0.0183860518256103 0.0141623479470737 0.0128419820413648 0.00896663755045725 0.008077022712129
0.106152165317869 0.15433431137814 0.199380966370469 0.12004046010302 0.040817903121814 0.0368021674495947 0.0452768024090005 0.0474197604313085 0.0447481012455907 0.0330449875434088 0.0263550801050855 0.0203710044499457 0.020890092708734 0.0143787597925992 0.011826455850816
0.0410591498892018 0.0584523658005542 0.0728538002908285 0.0425783311695848 0.0155964101453048 0.0143178717363225 0.0169710909765948 0.0177601599906313 0.0169546915477598 0.0138657227524018 0.0103994912978588 0.0083390667323435 0.00795842244201625 0.00529345884620425 0.00471321556197225
0.0606901392663588 0.0788521367197418 0.136124614497293 0.0766543288590945 0.0253664956270147 0.022328013549989 0.025709163315382 0.026928900526097 0.0276653685787478 0.020934955698355 0.0159296795285058 0.011553420947727 0.0119629711631383 0.00818526856573025 0.00747022898448075
0.0463367915528358 0.067913187584494 0.143429000081731 0.0728560813655682 0.0231195115045042 0.0188503045617048 0.0214643701619707 0.0239409204110127 0.0238342893817895 0.0193242060177157 0.0137751443001462 0.0110396652962853 0.0103915564419525 0.00679554693964325 0.0066063508008465
0.0524639186962697 0.0829485834570793 0.171499066218921 0.102741223864525 0.0301942107862598 0.0229344233638513 0.026847155051939 0.0287707485018272 0.0296417954309715 0.0246499113683873 0.017064589694635 0.0125178172915085 0.0122475984871957 0.00851168618609425 0.00788667866066825
0.0681237681240327 0.0991288809724137 0.143908457964301 0.0887560593899505 0.0290944613329143 0.0246173030250255 0.029978574470421 0.0320310471486593 0.02953417288539 0.02440747924799 0.0183712824834503 0.0143613483929263 0.013337601179966 0.009064729875615 0.0082101349975295
0.0312735678835 0.0506401924439552 0.074484750909567 0.0479800566146662 0.0160919276835795 0.0125333064188808 0.0152030771035695 0.0152833529701962 0.0151493063338078 0.0124434466430898 0.0093458942643455 0.007020579373145 0.006818083981014 0.00476203576007375 0.0042055396660195
0.0375677906320525 0.059696083206494 0.0764989569742215 0.0553803223959652 0.01744310137271 0.014616172782977 0.0172248756064683 0.017555974099207 0.0180016357964123 0.013498770235703 0.010973686170093 0.00837451862215725 0.0080503020658065 0.00555873563770125 0.0048936109407985
0.0481510010380895 0.0743644822116682 0.144475219204003 0.0911808271623253 0.0266359334187835 0.0211307346209508 0.0231649261456577 0.025515143088308 0.0268891634371575 0.0209166431557685 0.0153590671125045 0.0118664464452147 0.010884621332333 0.0077298737686 0.0072470043303315
0.0745982942621117 0.110561324018982 0.161441577786038 0.100953289313285 0.0289535939206162 0.0259094171564812 0.0319043640577125 0.034464973030481 0.0315549075210598 0.025784648523303 0.0190818484636165 0.0152609838787515 0.0142351082870655 0.00950020510720275 0.00849084597381375
0.0446644718015378 0.0766709077710645 0.131050308984848 0.0760449409835177 0.0272560640127195 0.02085091574622 0.022513885223983 0.0248318484226802 0.0272403111003863 0.019952865907729 0.015736379364391 0.011624370417407 0.0108520040570635 0.007689964996205 0.0068641653910675
0.068156390010292 0.10514327456311 0.165055730572941 0.106668062221155 0.0330161855128892 0.029335384777568 0.0333596152464087 0.0341679252042223 0.034033475609227 0.027130120479323 0.0198121582942213 0.0150114539177287 0.0155628332342208 0.0103172519701587 0.0091979937250015
0.0596674419882942 0.102131640680165 0.109058321525429 0.078443086142214 0.0275188207346543 0.0242239165819188 0.028538337397014 0.0287680934082517 0.030425512369502 0.0220779947164498 0.017817668674855 0.0135736465264145 0.0131280961939105 0.0088798604656755 0.00770588891180725
0.0737796860831002 0.136385268531829 0.133987326877715 0.108053050628663 0.0336033030238 0.0304318806651255 0.0352113246286555 0.0377120591653798 0.0377572101128115 0.0269347362024393 0.02120508636039 0.0167263163558032 0.0166000418750235 0.0108246531361265 0.009679529507832
0.0607675477399037 0.109702983958558 0.133683729243693 0.0963572705107995 0.0297517023813555 0.026108891076134 0.0309037361370593 0.031179267583951 0.0301278834049617 0.0249445696175645 0.0183312518372295 0.0151238366438003 0.0139648122589617 0.0097168639364055 0.00898423064754075
0.0455703561668507 0.0701324754812335 0.114822987740484 0.0798902396965088 0.026445731100796 0.0210498321514975 0.023067394184136 0.0259154558025317 0.027842801299177 0.0213091683855953 0.015413769455881 0.012292240909948 0.011093217587883 0.00818691079577 0.007053684706344
0.0722789464058717 0.117582112167737 0.233519994120931 0.105076161991091 0.0349131165151653 0.0299146545821288 0.0342805806449797 0.0363607706495152 0.035650338896191 0.0297235977430668 0.0213516297489393 0.0165440720298525 0.0161525907014143 0.0107017218984947 0.00954670116154275
0.0764170558774715 0.121873713301075 0.186947455056288 0.114795937155238 0.0397276671347822 0.0305227237979622 0.03681485125129 0.039182256513062 0.038531516642611 0.0311582693919662 0.0229942178435002 0.016832951958587 0.0170388421035005 0.0114171708477732 0.0105260889205987
0.0603479996620415 0.0946341161654577 0.148382581033369 0.0975049085974765 0.029664804956699 0.0263692546559425 0.0300167595392895 0.0325545736849912 0.0318894543389358 0.0252812914527643 0.0189976960379497 0.01410413568012 0.0137818879608332 0.00937911464407125 0.00861341036839075
0.0412782296778125 0.0681762715044533 0.144358146512494 0.082078983916817 0.0247964119133995 0.0197372553094577 0.021907396573785 0.0247617942600465 0.026991647331588 0.0199321144713872 0.0149137114599593 0.0113764186716467 0.0101923201888983 0.007439314579484 0.0067675945873615
0.0584741004348125 0.0836930521817198 0.137328068275924 0.0838039573558458 0.0283049594667005 0.0228975847076207 0.0271780360959822 0.0279626397006363 0.028284946342789 0.0236446045047437 0.0166259644062523 0.013053482394667 0.0122355271747617 0.00854111589888275 0.007605657488318
0.0648611905144928 0.102610207135981 0.119471402356022 0.091104157604233 0.027672757280319 0.024602094003877 0.0284976900691583 0.0313292497072108 0.0296888549279007 0.0227028763083285 0.0181947616554825 0.0142850811882068 0.0135616601667842 0.00915035159747375 0.0079367681792025
0.0735171374151078 0.11072386413758 0.156707886918919 0.0999429447726047 0.0334493271143737 0.0294101765953028 0.0335153436139443 0.0342581834308582 0.0361883049080427 0.0273670182389972 0.021366727573772 0.0156762139922807 0.0156371788782497 0.0108502153393505 0.00957681241576025
0.0652475643291292 0.109103624338343 0.14788209010942 0.124837603153387 0.0332785675145655 0.0281183822772293 0.033774898111378 0.0350802317300525 0.0388880042664052 0.027104031909119 0.020769347009648 0.0157410574694783 0.0151972230429953 0.010270975501499 0.009294438945547
0.089602386708837 0.148970815338021 0.170782686166807 0.128587342645528 0.0390368660135332 0.0325733233638285 0.0427026823719125 0.0426312661553805 0.0385381230441665 0.0306909498112342 0.0238079788855095 0.0191796748183573 0.0184096662281087 0.0124793344645983 0.0108440071274345
0.0715088128460305 0.117545509417971 0.151919937500135 0.0892003325023873 0.0300288545600432 0.0261523055678585 0.0327234383055917 0.0327985147392598 0.0337753087445503 0.0241156140864517 0.01982504740392 0.0152042492394535 0.014587227601304 0.0097196791265965 0.00889669800304725
0.0916229340750438 0.145107191674684 0.230799963270051 0.180231392180586 0.0477214287750633 0.037032521815023 0.04440504028523 0.047827356194391 0.0488833587994012 0.038256874479118 0.0291570505972958 0.0219289574594993 0.020139215178303 0.0147399550739007 0.0129019988665802
0.0656921710222762 0.113487631002908 0.157026363990837 0.115247364582865 0.0367418701947927 0.0302842992905335 0.0354589608229997 0.0351081585936395 0.0363150008308712 0.0278545807068828 0.0219205374405363 0.0167401341259467 0.0155101364963018 0.0109731157619883 0.009812640625541
0.0416535764790947 0.0630292289693642 0.0932821686609975 0.0689404744481255 0.023037110215156 0.0183117195226923 0.0208551470479613 0.0217943386030655 0.0232465956906165 0.0174218455450847 0.0137291748678625 0.00981348225938525 0.00958245230740825 0.006444393621298 0.00608615354365225
0.066694707256085 0.104469848357293 0.136369336680966 0.100210896119511 0.030293324839073 0.0274977857082742 0.0317671729805568 0.0336834718158128 0.0330252488071655 0.0266761022659863 0.019744736342891 0.0150591758429893 0.014741688247435 0.0101365895857998 0.0091741060207765
0.0648700124077885 0.0898946314338715 0.137483899092485 0.097726787075396 0.0266349381023332 0.024080461934784 0.029277461210312 0.0307901037601577 0.0303191385135122 0.022881798397911 0.0176284664983903 0.0138138800603043 0.0130656440428033 0.0092751080217075 0.00789600959980875
0.089779840992505 0.151035455000707 0.187044948104366 0.133375900654824 0.0451370025653067 0.0405378305636427 0.0452549349565052 0.0486202695502167 0.0480173886730635 0.035177054225324 0.0284417873437262 0.0215418343145758 0.0204756878665662 0.0146649185734628 0.012655880671466
0.031556725652034 0.0501999213261302 0.0905563320877742 0.0636542332314707 0.0196048417033948 0.0149220797822713 0.0172962511686227 0.018817242585047 0.0199678711466945 0.016343197391969 0.0115613298293617 0.00871725683944025 0.00815929023867175 0.00592905344944725 0.0055195670038945
0.0627163257066447 0.086045742266352 0.100809206415856 0.0779021541517262 0.0259014036319778 0.0246291064178688 0.0270578120468867 0.0293213948066925 0.028715965860011 0.0210556426026665 0.017303470757272 0.013700533929312 0.0127127640812988 0.00904845741843825 0.00795218161937375
0.061044336076648 0.0923102139673487 0.131845227224109 0.0898374978887848 0.0296648844989915 0.0251597301558142 0.029501070767991 0.031249832625747 0.0328392256551938 0.02358574091731 0.018635052305036 0.014413908402941 0.0141912277026765 0.00997977856183 0.0083108999780825
0.076808110648325 0.107014815869561 0.137856990629465 0.119972894889758 0.0329199120529012 0.030498983589021 0.0347262252662308 0.0367136273127482 0.0358359573850393 0.0269072409254635 0.0208578584249203 0.0163251328460543 0.016123280904921 0.0113514010189967 0.00969725708267875
0.0503640354966733 0.0750129455225375 0.110803826628457 0.0831921198012035 0.0262932582815892 0.0213220653107278 0.02534630740087 0.0266857730470435 0.0276658991186987 0.0218976044221095 0.0154013064371272 0.0122581395702268 0.011291376820471 0.007795620042145 0.00748101736470825
0.0789967005940315 0.121164087879818 0.137704196729591 0.102026058360121 0.0325878117727445 0.0291414068328213 0.0351032989240382 0.0384160535677393 0.0350461208772923 0.0269047842130873 0.0206707156260703 0.0173327603374165 0.015872423372301 0.011026524847684 0.009327118675771
0.0589143941551533 0.0931395894578962 0.104204634504546 0.0694041275698065 0.025643233772315 0.0221837789854925 0.0268642528080732 0.0283377947788475 0.0274876954248455 0.0199801563500012 0.0159496984543235 0.0123837707831348 0.0120160437725735 0.00855321062103525 0.007104321570536
0.0791283691348045 0.138460378341126 0.146221064217773 0.106771528062308 0.0376523318410992 0.032573974534732 0.039224708057585 0.0393273714724132 0.0392747175171585 0.029773498226833 0.0243890646876705 0.0179811201321948 0.017881997009695 0.0118342954680155 0.010566355989225
0.0859209980919985 0.115679657095387 0.13655473376045 0.0845620466333293 0.0319935480332713 0.030867596836414 0.0368832770128733 0.037152596213845 0.034589335264121 0.0267042500536517 0.021505630948551 0.017044726744704 0.0168328914499855 0.0111956934908695 0.00943695964450125
0.034622206307792 0.0551259858241877 0.0796785638196348 0.0547851857408497 0.0199249539520337 0.016021881417666 0.0183775326130395 0.0196657553450735 0.0187097694646663 0.01567555004539 0.01225707274782 0.009343293324065 0.00868309022490075 0.0058473469901245 0.0054350810261785
0.0893931758245925 0.136026799701893 0.205242803341506 0.10428953610792 0.0372049829371925 0.0311129139212655 0.0379908433658772 0.0399860656175193 0.0421079656354452 0.0313328097226162 0.02225086084798 0.0182877677082997 0.0177332817828852 0.0121321562888605 0.0106724598419785
0.068605492714975 0.123412997583704 0.128224794029882 0.09697183747995 0.0305378760007202 0.0276442752361435 0.0323088123597218 0.0347130043135057 0.0323334229370563 0.0247857463563033 0.02041530515643 0.0157281341430183 0.0148915427780428 0.0104221862505808 0.0089908704093065
0.0789660574792515 0.118623604434128 0.13187339618247 0.10685687210784 0.0330490330059972 0.0291503787057445 0.0340765289742217 0.0375088358493757 0.0368048609481718 0.0262486796462705 0.0211611276531487 0.0170663610178898 0.0163517704102922 0.0107297094262143 0.0097453894889545
0.0685330870328173 0.0963284273327463 0.109970794989819 0.0780382023920962 0.027760338322239 0.0259673650227648 0.0303159781041832 0.031751206088775 0.0300933863555232 0.0233457982359758 0.0175571469893023 0.0148426713665182 0.0136896154293375 0.00963900036876275 0.008326275155175
0.073060216242591 0.104978254856382 0.122859795491559 0.113163900914464 0.0302927590774552 0.0271703137459957 0.031658441533827 0.0329336520122635 0.0340267232346773 0.025187408162201 0.0192080086515505 0.0145232008887303 0.014661378943725 0.009630399126354 0.0087029865358785
0.104816296914897 0.147730445205837 0.162644055099407 0.114342378715495 0.0369377609921908 0.0348321192267362 0.0421279285848482 0.044396889960916 0.0413350585872303 0.0309445896373955 0.024679827449395 0.0207938355119523 0.019395856974189 0.0135020201804195 0.0112313926379755
0.0849321014926793 0.127061492682505 0.192744290866394 0.134164505187303 0.039377873987135 0.0330814011628807 0.0385025748925805 0.0411593481242425 0.0442027146931175 0.0323992954391533 0.0247647391966918 0.0185322012052197 0.0180339685316785 0.0120980921474618 0.0108862374124898
0.115863115414994 0.19119608924036 0.197761456529067 0.134311265703593 0.0431887629870513 0.0420301489285907 0.0530347565521593 0.0531978279189005 0.052884151708975 0.0360409007887472 0.0295511830828325 0.0221603179790197 0.0232326091839483 0.0154474332665172 0.0137158315736075
0.0727842462225035 0.0792733499255865 0.103527053866656 0.0652553391077492 0.024382237350366 0.021801258252898 0.026668493006453 0.0271217646000818 0.025048904170718 0.0196095984822533 0.0153822031115068 0.012143623763097 0.0122789077288417 0.0082542652462675 0.00689969211847125
0.0675009235933575 0.0936090553134332 0.200441721636449 0.0936895617274485 0.0306428248538857 0.0254728063588225 0.0304793488390908 0.0315532181781323 0.0344618221626588 0.0250592605009432 0.0186093247832252 0.0144350480911578 0.0140557811419635 0.00993646690269025 0.0085818130683305
0.0610708605614302 0.0970416525481727 0.122580743282974 0.0814961108896895 0.0280867416476795 0.024686279616828 0.0300896028637165 0.0308187303780835 0.029140534961825 0.0229058822725065 0.018446596149295 0.0137081133829575 0.0133678078952883 0.00954206465770325 0.0082217933767525
0.074703119435032 0.10810172773864 0.149081205887413 0.097897582423816 0.0344746744843902 0.031836851762156 0.0361482497953763 0.0389909823613998 0.036843136793853 0.0276392872591362 0.0223265170133242 0.0161560807650415 0.0165281974581043 0.011430660672619 0.00973820059635425
0.0432200498576883 0.0655968508200887 0.0884260129774543 0.062743683249507 0.0220053241792382 0.0186388782278678 0.0213996890775058 0.0222482953691475 0.0221971084989765 0.0175435463761105 0.0134746884711505 0.0105010574206715 0.00989123978912575 0.006914984407001 0.00592310575632575
0.031939051466171 0.0499353288624022 0.117569026531552 0.0618339229412075 0.0195521969956203 0.0148691296916802 0.016087601398844 0.0178291344018575 0.0190002056930468 0.015375290061089 0.0119830048916693 0.008316418735867 0.0077953069877585 0.005362605330025 0.0050213546150545
0.0377826962825753 0.0650540985689625 0.0771690185543715 0.060311001254494 0.020352587869597 0.016418381682152 0.0189809181343677 0.019646896022482 0.0198173267270013 0.016095625294504 0.011928917061407 0.0097218313422735 0.0090970284247725 0.00643637811662575 0.00538167519905675
0.0792108869744123 0.108185592267216 0.16507143825037 0.096250920298542 0.0325414479294358 0.0297311004853663 0.0352163790200698 0.037714937038392 0.0358908693413865 0.0271589479866833 0.0209740752200278 0.016552867427267 0.01609045472408 0.0114666918315735 0.00938596643324275
0.0598290749412975 0.0992432085132938 0.120647074283372 0.0996360520721608 0.0292673578745152 0.0258044394257365 0.0305584858716097 0.0321362836983127 0.031441553800988 0.0237397242048395 0.019078210686427 0.0150472909123775 0.0139690517343678 0.0097370836267545 0.0083774713211615
0.065437840147241 0.101119534743686 0.149267110153321 0.119221560877689 0.0312720715784522 0.0260648175458428 0.0314565647534927 0.0345207966550978 0.0334272385192792 0.0272322318115472 0.0203494709953905 0.015678961315167 0.0141645422909958 0.00976844060640925 0.00876509110519825
0.0681270366763955 0.0917287071904958 0.145320215349645 0.09270769344511 0.0286348163536215 0.0239075535904645 0.0287593730064007 0.0316348507669287 0.0314207174176618 0.0238982203790997 0.0185087264923115 0.0138428703525172 0.0132832910865175 0.009142204385155 0.00813729504282425
0.064112253787329 0.0907919414595662 0.188948691689338 0.0880348338389118 0.030049569263202 0.0251696234323433 0.0294175271799645 0.0305870696328658 0.0307556352857018 0.0257007323316528 0.0189555003959787 0.0139211861849325 0.0133581889614383 0.009975834659231 0.00844005709438275
0.0744918644670545 0.118797008729792 0.166385713169281 0.134384941724137 0.0347096431870893 0.029644297652324 0.0383806642062075 0.0374530464070435 0.0368636853565958 0.0282309965483792 0.0212324601692163 0.0160791333904955 0.0161183561689127 0.011097295248712 0.0103574413871827
0.095389101379037 0.148882991521067 0.185658102923563 0.127535295728084 0.0388515354264152 0.035929636848966 0.044842982432197 0.0447673969954005 0.0436188909670752 0.0338707924424685 0.025876628865784 0.0206679085226402 0.0192988122015772 0.013765950347118 0.011747580010281
0.118482303477247 0.164768763394296 0.240095064488786 0.124738970728175 0.0446562119098835 0.0401537017934875 0.0489447126838908 0.0511611651911942 0.048172923027865 0.0367065526649355 0.0277831380297197 0.022172365884184 0.0215324457951587 0.0156416083865237 0.0131724078432903
0.103439652981036 0.152976427705498 0.177606733238165 0.129062045321607 0.0396722292798627 0.0367008540724153 0.0433843954457 0.0449484012327765 0.045176458355605 0.0318489153910625 0.0255172507562255 0.0216962900226557 0.0208682678431337 0.0137081615288303 0.0112118104197425
0.0292691022698045 0.0398080327766977 0.060725166732261 0.0528197949563838 0.0154365539586292 0.0130904802060538 0.0141166220102465 0.0148158615379445 0.0146698154228882 0.011466880762394 0.00947191480459075 0.00739666195350825 0.006755272104861 0.0047557658056705 0.00420053234331875
0.0565196719662163 0.0879829466148025 0.114658380428847 0.0806547459918275 0.027023244221194 0.0229136586370282 0.027768038300023 0.0299302245107223 0.029831940180619 0.0219556892323928 0.017037963453236 0.013722827265823 0.0123610493784223 0.00846387162546325 0.007596265606033
0.0642821289231 0.0925250936084257 0.146114623546422 0.102846816535283 0.0306539106078272 0.0257220374564218 0.0303879259545075 0.031757664656798 0.0319034676526415 0.0238365868466385 0.0183198939467972 0.014466245251622 0.0138113229787947 0.00956987731956725 0.00879499022416175
0.0769851052072505 0.103305857671364 0.179029039573034 0.107129040560224 0.0337429474182833 0.029425738650113 0.034137106301749 0.03458096297982 0.0348891497214978 0.0268727576443205 0.0209049151699585 0.0146086755560105 0.0149762863757747 0.0109687078865022 0.009668039237898
0.0486679240824062 0.077296720255734 0.0922866969597617 0.068676419229371 0.0230678470253235 0.0206376149627608 0.024032098563369 0.026107560373494 0.0230472701508872 0.0190615270416187 0.0148669654347145 0.0120341421485098 0.0110245209049905 0.007659895685534 0.00663382734663275
0.0369286008357775 0.0545670108853107 0.090812676039 0.0526313616162927 0.0187730801275605 0.015834393365197 0.0178057262613352 0.019845709141888 0.018603887451236 0.0148875687710693 0.0113368197921225 0.009091180445194 0.00820331119331975 0.0059930866109065 0.00519420568136675
0.0755392304129373 0.108489521614563 0.12968569931012 0.0845867636790548 0.03240587667479 0.0281150322563875 0.034331497387731 0.0345603489946808 0.0350412013834865 0.0252853232446305 0.0202429342086917 0.0156562786707755 0.0153859477240243 0.0101395234365973 0.00916939948937725
0.052115731030132 0.0845635080376845 0.11036733219584 0.081282212436004 0.0260163403675845 0.023299615638782 0.026330945389113 0.0270575334814568 0.0280015137731895 0.0212207675242783 0.0159118356524107 0.012032789917277 0.011911993476108 0.00801807653880375 0.0071692220454225
0.0892596562141425 0.141655638237672 0.205793299491259 0.128389414268403 0.0401150732113748 0.0354967883825378 0.0412237095920418 0.043808803772525 0.0421602429227027 0.0331946203846432 0.025533237698588 0.0200233304737285 0.0186399341903255 0.0125227743682247 0.011522898742598
0.0891281355757768 0.144503839958723 0.154202020541241 0.116201536292828 0.0369008974012337 0.0339858530535685 0.040635422535792 0.0439486389970045 0.0428443142916215 0.0315269385872505 0.02449076069957 0.0192781758304012 0.0183356600937252 0.0125776535283397 0.0109170169678852
0.086303035186924 0.117235866264038 0.199003221014445 0.123278037849666 0.0346473473292515 0.030359372276172 0.0355921842545263 0.0387105261276377 0.0377528988377202 0.0291741200468335 0.0220732063153165 0.0163969277040122 0.0166818443048347 0.0117326645925828 0.0100660368060755
0.0615318738415873 0.112343666606632 0.14565807856275 0.10092591496417 0.0318786108383065 0.0266091854853025 0.03024545556841 0.0335819143516123 0.032401230851483 0.025788163400921 0.0197860075115728 0.0157174974408225 0.0146654866001288 0.00989534545099825 0.00891027948369925
0.074082322840819 0.106721820441189 0.125471969761037 0.0952877285183335 0.0317151990039507 0.0294168949959695 0.0339831552773422 0.0365193980482528 0.0344967335381312 0.0253653783350407 0.0201041580178195 0.0169676522047465 0.015679073827961 0.0110030882271607 0.0091273883493745
0.0595599649534265 0.104630442091605 0.12934434244409 0.0800858829122645 0.0283729336053022 0.0243514994995432 0.029054396770891 0.0300847631200012 0.029388563725085 0.0232380466564 0.0174372057259698 0.0143520913005673 0.0128117730288335 0.00889076716673375 0.00796973348374325
0.092702022860978 0.137464174565914 0.192635947971235 0.123862099178939 0.039270891362859 0.034969316214488 0.0440821003911455 0.0458850430958367 0.042376342923978 0.0347332407914727 0.0259177334264412 0.0206226872768022 0.0188545693437295 0.0132899439636023 0.0116737948423733
0.0996194876228705 0.145013316533421 0.235763424264689 0.132314020832007 0.0450920064213012 0.0400967705072493 0.0470363192380295 0.0491459552588313 0.0503599454315767 0.0370104674626585 0.028412386980394 0.0214932029117495 0.0211486746270047 0.0150701537865408 0.0126980555704898
0.0212946902099212 0.0359003077848657 0.0602770349883893 0.04201426055584 0.012935130683493 0.0104803842646312 0.0114953166389035 0.011911774273069 0.0131163516730522 0.00988883344229325 0.007581988459057 0.006181416979084 0.00553482401474975 0.003644604179201 0.003482820942095
0.0842443554276045 0.127972377298568 0.166626717417275 0.103342846075345 0.0339803166839825 0.0310392248385915 0.0362657893152237 0.0398598873711575 0.0364065662019038 0.028644096480646 0.0231937432290148 0.0169663077350895 0.0170715896823638 0.0119512727739325 0.0101412582925705
0.103173285072819 0.147676370799127 0.162379773676477 0.104713896691201 0.0378289352347288 0.0363038672780645 0.0438255407390742 0.045058344187661 0.041758126613095 0.0321355557758023 0.0253372202753138 0.0197694191737138 0.01930344052607 0.0136175652013692 0.011282112054729
0.089934513794139 0.127092589527065 0.170822196716302 0.142070417774233 0.041008901882239 0.0332933741196833 0.039948085004919 0.0436022869228153 0.0423093933707153 0.0321729080853453 0.0243295920396685 0.0184095956920742 0.0189889907481208 0.0129457327308827 0.011648044267849
0.111458863127322 0.184834997623209 0.18818700104639 0.118375048774649 0.042970330159335 0.0397591004163705 0.0498051225475048 0.0505049584692535 0.0486794459561473 0.0359197921829352 0.0288856831790372 0.0230016478751177 0.0223478886268577 0.0153054166719592 0.0128830737053735
0.0542910029559348 0.0870385607746573 0.164048587700325 0.097550814777429 0.0308171663748465 0.024120009120572 0.0271426733822118 0.0298725617928013 0.031846559740393 0.0242226559038895 0.0188286321554397 0.0142882280960183 0.0129513987458705 0.0090708742376625 0.0083223691673545
0.0605055597801135 0.096812292355017 0.17664784646949 0.102584965853858 0.030151867898053 0.0261426123509772 0.0303907381859282 0.032418334615063 0.0321296766883185 0.0250375532178263 0.019908973429419 0.0145912603143735 0.0141530599719983 0.010013781731589 0.0086668662298375
0.0321552066129078 0.0525361253162493 0.113788460871151 0.0591913653999947 0.0194119048416485 0.014943912602608 0.0173644410056655 0.0187559892197037 0.0189438382802758 0.0153346312764855 0.0110974461269103 0.00859645614617325 0.00788079966820025 0.00555931101815175 0.00532242515836075
0.104751999627643 0.172440374335235 0.182731662692817 0.117170378894663 0.0398470855395283 0.0377264322759438 0.0461717757317687 0.0459135292649012 0.0429920547271292 0.0338614186326225 0.0266134472385543 0.021373121763058 0.020346934326387 0.0138561412960228 0.011873003886418
0.0690328145035235 0.110689656127799 0.156198523438608 0.0945822962945937 0.034282246261955 0.029506818401909 0.0327819664542578 0.0348533247174323 0.033663739316583 0.0273279908269015 0.020387971597624 0.0157283496909145 0.0151068781447867 0.0104656839786602 0.00936011259469825
0.0861281850358485 0.125704239742783 0.159424620637515 0.111600800184855 0.0379480661502392 0.0326399682103262 0.0387924494625375 0.0396637769568023 0.0394126855193987 0.0302595171892787 0.0240868578812703 0.0176319474208837 0.0176845289780613 0.0129849320880985 0.0105170023806942
0.0638665715048232 0.0985279958701017 0.149310703454843 0.0909798700503065 0.0332166883132142 0.027666940712187 0.032123965186362 0.0333103365773645 0.0354936938002118 0.0248790195105252 0.0194702833028445 0.0152451606790935 0.0147783086725563 0.00995685449731 0.00873786440028175
0.0777528536462632 0.126108314723926 0.177975813759792 0.110656346060575 0.033814621346362 0.0297811922743292 0.0336359039607712 0.0362373388233808 0.0343858853137395 0.02728581429355 0.0207216773837905 0.0163494424379945 0.0160236755458747 0.0107468491389957 0.00931392675391225
0.0632882830371153 0.0959223691248037 0.133272609999825 0.0944022501861705 0.0276671884483465 0.0249766130095765 0.0315691287204452 0.0315693758755548 0.0306377705936022 0.0244515203143725 0.0188513744928323 0.0139847761185535 0.013747912488445 0.00964055328271975 0.008163094321587
0.0741337933277827 0.115328249744772 0.134477056939451 0.107455719512812 0.0333707314855927 0.0297926029194268 0.036889035914997 0.0370834607992242 0.0358210377364265 0.02796384161665 0.0213761144585135 0.0166300330248597 0.0160967443978975 0.0110199672534698 0.00941422700523425
0.028100117024997 0.047880589195482 0.056061509643022 0.0389443901084335 0.0140548033367323 0.0122967473905362 0.0141958412308085 0.015300573296589 0.014380423200935 0.0111235563667985 0.0089534809124935 0.00689740367531925 0.006664601143536 0.0045298414241765 0.003762430083972
0.0639181398169335 0.0962499932751967 0.133866058929301 0.0836069132328655 0.0280705430208312 0.0246975866597168 0.0288325543971392 0.0316189439122153 0.0306807100567055 0.0243755005192265 0.0181188031618782 0.0137054013029958 0.0133846867091967 0.00943979308064025 0.00838492907495325
0.0511137781913703 0.0808341802006907 0.107251945182209 0.0677628555703665 0.0250024646705175 0.0216771739958425 0.0253855884936918 0.0256701966738632 0.0257657328809835 0.0198326836761545 0.0152674495371642 0.0118633762025253 0.0112873530453997 0.00743140397705575 0.00720863499520925
0.084076280952635 0.138996139485343 0.156325139232781 0.101749843820874 0.037315453382931 0.0332931495252785 0.0382306546640932 0.0415559325635928 0.0388901836575585 0.029213921465801 0.024704922951098 0.0176523936445343 0.0178545193429472 0.0114908773341248 0.0107693224795558
0.0124941832808645 0.0192241116037122 0.0400373940902455 0.0311421795704175 0.00941557627955575 0.00738225285354675 0.0071528498669015 0.0075867587862285 0.0083687960627135 0.00736889827872175 0.00508460905690025 0.0040941853861075 0.0034701373523 0.00242638616432225 0.0023437396914825
0.069337917058518 0.105081298737348 0.14758714317458 0.090076001347065 0.0316257219532428 0.0290047437611103 0.0337972180655252 0.0352288601955722 0.0339698039119347 0.026728557695438 0.020876961708394 0.015666421238719 0.0158613552962075 0.0107692471093532 0.0091090823456475
0.0627527479981355 0.0988803029130593 0.120174105792319 0.0900344042488348 0.0280421908656893 0.025048127652086 0.0299599561435383 0.0319107910106253 0.0298579648131812 0.0241024468225735 0.017638647683061 0.0133417196914542 0.0135288311511958 0.009056121213616 0.0082979844950965
0.0792514908289065 0.115864579393662 0.176637758333336 0.117142005567048 0.0364720359318143 0.0313570014108088 0.0382167769136258 0.0394694592724463 0.0391868053808408 0.0280864541483507 0.0222007368042215 0.0169341959633035 0.0166919748836977 0.0119095021984238 0.0101050256089572
0.038703414883523 0.0654529678886323 0.0988207206139523 0.0698256259689985 0.021525660888521 0.0182397361328235 0.0202376294053318 0.0212998943725978 0.021572697844902 0.0179914865685735 0.0133926961623995 0.0100033630285805 0.00957724371204275 0.006493350348939 0.0062293461276105
0.0637674830650395 0.0989780162291492 0.130052662301348 0.0813666717510897 0.0298111179271212 0.0264411558821732 0.0312400435756367 0.0329436320585623 0.0314277874121813 0.0241709024383732 0.0188652540774842 0.014397510357757 0.0146104113659065 0.00961887732683625 0.00833094750527675
0.0593126300651335 0.0879276227475505 0.122530844522876 0.105942736423594 0.0278639646805273 0.025124361070295 0.0278138522276538 0.0290567051929312 0.0292779228725568 0.022132081042914 0.0176340928665942 0.0135907692609312 0.0129098128972408 0.009002210453798 0.0078546680468825
0.12382027411416 0.178902599510059 0.228502935562464 0.141021129355769 0.046796859592504 0.0441612670373258 0.053863327862787 0.0568617427177852 0.0532016575308122 0.0386013477096198 0.0310431580861055 0.0239747150588705 0.024593963653912 0.0162537296741355 0.0139381568060963
0.0369141855680785 0.0577470034818518 0.089891978303371 0.061954117300486 0.018020533290324 0.0152838020537445 0.0175507388640735 0.0184904667789322 0.019543385027859 0.0149962926233205 0.0113513789175397 0.0092218734894405 0.00840186851380675 0.00585452423256075 0.0052737568241235
0.069963713871674 0.116369127546736 0.153492823637135 0.0861371832189823 0.0282790914327463 0.025568747728103 0.030708141909368 0.0323333184167727 0.0318619664699187 0.0229150405838175 0.0183269227745285 0.0146552352867705 0.0138360026415252 0.00941756571099025 0.00813011840049725
0.0669972136826417 0.113138559805091 0.108906026895024 0.0810571866500787 0.0276588627920845 0.0263830335237837 0.0311956312092292 0.0315065321737575 0.0300416040761492 0.0230422636700025 0.0188227738588438 0.0145174255717597 0.0142984504572815 0.009605845251885 0.0082130632289855
0.0941694785624732 0.14955614290878 0.142853840932359 0.111634973461353 0.0322970631735433 0.031102378535465 0.0393001202531153 0.0406579694406842 0.0383746239994803 0.0282356958313 0.023162204883341 0.0182645565979727 0.0177407761209512 0.01224455502369 0.010304462091709
0.0908755274465993 0.135234226859216 0.153971680597569 0.12245032002699 0.03677213786026 0.034026673748826 0.0426243749280028 0.0441942914167978 0.0401700207571608 0.030498726521403 0.0248527704845177 0.0185071825375633 0.018751929324983 0.0129345247496167 0.0110550246721162
0.045355616441336 0.0679147026522625 0.0727263732232165 0.0596537236082023 0.0195664851610365 0.0176275162496652 0.0209498249127337 0.020839122686791 0.020078546570607 0.0151118979437378 0.0122900847096025 0.0093495325279145 0.009288641078067 0.00630272728221225 0.0054613296262835
0.0296884443514097 0.0459725515180915 0.0698032089269462 0.0542540769744625 0.0168320480522235 0.0133086017508413 0.0167493088428645 0.0164902559351588 0.0169633860175143 0.013504448949157 0.0105304264847352 0.00805081872472825 0.00725740864266125 0.005193353069169 0.004703530322034
0.096692991410698 0.156143781882317 0.22545284995637 0.123997100880215 0.0439670018046257 0.039122499954449 0.046302928206606 0.0516352468332365 0.0480963546881093 0.0371445298415218 0.0290164863076647 0.022536767202174 0.0211918071385182 0.0144824088068645 0.0127263987443287
0.0432121398712718 0.0707367689730977 0.139451095351029 0.0927022774611937 0.0256443875305205 0.0203399600070475 0.0226711965984473 0.025051691640083 0.0261902440562693 0.0214861035475715 0.0147111755950637 0.0115899467742177 0.010399141110861 0.0074973664619165 0.00701716754148725
0.0665741491030773 0.0940037017768675 0.116944747861925 0.0915490365529935 0.02851901611064 0.026000501468029 0.0312618278248445 0.0314273808136538 0.0300431360482528 0.023178113486007 0.0185777398834337 0.0147938663891365 0.014019200080433 0.0096605349433735 0.008239932981586
0.0641626225353673 0.114415534062762 0.12732341966024 0.0792896709646085 0.0282834833281808 0.0258358115657332 0.0303078112460278 0.0315797558986297 0.0298781018295298 0.0233218785978833 0.0180842593366295 0.014213347532349 0.0137992587791535 0.0094291073194255 0.00819914456492125
0.0997086903993635 0.156808179464919 0.171244915374005 0.138533810877779 0.039469409609465 0.0356879697184775 0.0430741020331875 0.0463769984580895 0.045336516257765 0.0322571176711165 0.0248965057565937 0.0199716804155918 0.0196038171652215 0.0137030382627265 0.0117879286529707
0.064108575242033 0.0989621890321877 0.123671048218052 0.0985456339351472 0.0283086494089495 0.023563817801735 0.028178910663015 0.029973074327669 0.0311590424987182 0.0233939133895927 0.0179308707832962 0.0139389394385468 0.012797684208578 0.00931954679849125 0.00818889551919375
0.0732157567879102 0.108127294489161 0.136751409526806 0.0885328508823755 0.0343514732690337 0.0299430223634497 0.0350149622460623 0.0374588304212665 0.0343121961169627 0.0284504086185435 0.0225179937376063 0.0172002048721525 0.0162746967024488 0.0112446530454998 0.009655073359604
0.068444956798421 0.103880358874422 0.155090331312609 0.085681596819776 0.030981914334478 0.0268930560267992 0.0313644834275423 0.0333476287372095 0.0305645750139675 0.0238202871911888 0.0191648629903315 0.0151795975202775 0.0139898564584025 0.010135700040303 0.008653446551921
0.044709825105554 0.0702827754068195 0.131068455061839 0.0748896523010077 0.0247453458306465 0.019656364499483 0.0237071567675015 0.024604361578662 0.0271114818432118 0.019812209564959 0.0145836717287105 0.0111817696847512 0.010693754006851 0.00741837642635325 0.0066669399605785
0.0724156780280665 0.107290416213152 0.139360771932565 0.0952473785202888 0.0282080679240525 0.0268040639552645 0.0335036319337725 0.0322280856815675 0.0337163015804997 0.0251342736898675 0.0190301941642825 0.0149307004046718 0.0145876494980657 0.009941553459553 0.0086837386955345
0.0529412311092268 0.082494259362302 0.131509994264609 0.100829031882912 0.0288229687203215 0.0223140921926273 0.026248435916883 0.0285013695343905 0.029708222628874 0.022829660990035 0.0180926385110525 0.0128575428804115 0.0120560652364688 0.00854469197319475 0.00800228392953025
0.0867656775747667 0.131822386756944 0.151604962839195 0.118500030512845 0.0358236772533545 0.0322399149486845 0.0377174023238468 0.0387708937106123 0.0400066221024388 0.0285554082344373 0.022530195736595 0.0174560422040765 0.0179113609233407 0.0123099419789935 0.0104863487300378
0.0330607686565478 0.049378805793406 0.0719133916995348 0.064570474448006 0.018375519156205 0.0153454622465347 0.0166936827217782 0.0173732067102022 0.0179223019142545 0.014228882105931 0.0108676111893885 0.00873870804747425 0.007922490794906 0.005468746613247 0.0048430159194935
0.0841762986775862 0.108093941695901 0.14611356858876 0.0911700348634897 0.0321780057432597 0.0291683203911293 0.0354206743922532 0.037220383374632 0.033417435286791 0.0267451936070647 0.0211337038921785 0.0165614296756228 0.015818713948151 0.0107634094788232 0.00948940250993025
0.06845340531583 0.108455163132774 0.147936092275292 0.100845206477902 0.0319331639196268 0.0293079571271063 0.0334531104991935 0.035019081926066 0.0344168998414408 0.0265384625207042 0.0198215311075935 0.015989148107812 0.0153458047261725 0.01036768753487 0.00932352757642175
0.059625044832087 0.0887542154101977 0.136537888944248 0.0848261451996472 0.0280098721068322 0.0235587304161488 0.0264695322003385 0.0297760847101062 0.0289623255737708 0.0230375241110192 0.0172779280904565 0.0128758559449945 0.012508683365373 0.00833050769277975 0.0078058651290875
0.0550419389457935 0.0825992426554772 0.112835586483956 0.0787671837211462 0.0275274061915428 0.0228183412634722 0.0259004294175445 0.028742063015856 0.0277244970656472 0.0212603946232915 0.0167216540954312 0.013647255938229 0.0122793174954348 0.008661082010436 0.0075557985544735
0.0562019497670797 0.101571532504535 0.127055828920661 0.0787078206534143 0.0274832630219113 0.024330056776067 0.0287842833974427 0.0287487433250075 0.029283258478488 0.0216115814346567 0.017082905259893 0.0131030988761572 0.012929029429305 0.008776917965929 0.007638713360723
0.0663235684847985 0.102946112009519 0.172732467376887 0.102488110492909 0.0354422971643217 0.0299025306920342 0.033413983797067 0.0353967034472518 0.0349023000481037 0.0274333418631655 0.0209396286267255 0.0157501528634395 0.0155040000576735 0.010694275518045 0.0095869678219355
0.0641428494094787 0.095340331182115 0.124361444115927 0.0840293609485318 0.0262664666557718 0.0247020048136397 0.031561153256309 0.0324614195427618 0.0283110706209105 0.021860730229142 0.0175369965975442 0.0129393932276715 0.0133873931458912 0.009196378423015 0.007765587386877
0.0403584694557195 0.0656644704675783 0.102877177799815 0.073286628218087 0.0217172085883632 0.0189120923709075 0.0204355769725422 0.022009463519174 0.0227026027483075 0.0176402199390117 0.0131430199015642 0.0101345731264335 0.00965920548041225 0.0064559807327345 0.00604045921070325
0.0725507032002597 0.123658115048706 0.188458355460872 0.129746932702611 0.0384111972544685 0.032471051132036 0.0365137381356732 0.039355200968178 0.0394056382272922 0.0314717437647273 0.0244328809110997 0.01780188705106 0.0171769115845145 0.0121449563557857 0.0106369197042363
0.0475576369514187 0.0724230000316227 0.108461471521146 0.0688684164892062 0.0254193407897005 0.0210196282953523 0.024023069210288 0.0253699271823833 0.025025669125766 0.020391905010725 0.0151460973057995 0.0115606115084748 0.0110945369191683 0.0074301832643785 0.00689832924528325
0.0424310115818255 0.059995820502079 0.0797849105710123 0.0672554343550858 0.020691727245434 0.0178291002737757 0.0203882822382992 0.0215674377133388 0.0227070707346585 0.0168212332805473 0.0130299544201298 0.0102065868856365 0.00923550141513025 0.006587766065135 0.0058381419070385
0.078622162075155 0.122812390059652 0.216036475188901 0.107122041838018 0.0406341610005385 0.0317540856475525 0.0394468275610418 0.0400012591809953 0.0414347127062627 0.0323198100413317 0.0232229109912473 0.0177581025281555 0.016752047680768 0.0120717440313647 0.0109691360612695
0.0305928741368982 0.0507412606636085 0.0926654280525498 0.0705532092366205 0.0188926844598132 0.015710538709678 0.0167234614511365 0.018104608581975 0.0189730367097955 0.0158125235621043 0.0112922213722352 0.00855802677318025 0.00786724437743025 0.0057339978176245 0.00496023892498975
0.0556114770739772 0.099923007955409 0.158832815840915 0.0910472667640663 0.0303660720559488 0.0249249215735197 0.0272021952471642 0.029908170587097 0.0306939583698627 0.0243869291801838 0.0182638953974005 0.0132065540528725 0.0132394759711448 0.0095395043729565 0.00825340020116075
0.0428544478837465 0.0643505108574327 0.0950552862872807 0.0714943363253067 0.0219367089141867 0.017290406108838 0.020749515981524 0.0225347208801903 0.0226815659167493 0.0173988400885578 0.0137253119141217 0.0102193594345503 0.00960590755324875 0.00669018571977575 0.00609205176252375
0.0818838339974813 0.113689932390763 0.159778136075784 0.0966601277717825 0.033387934392104 0.030081647973254 0.0369958928968167 0.0387426281905897 0.035595487198717 0.0267018716163525 0.0221557688234655 0.0167853579154858 0.0163341606088165 0.011602915270454 0.009816236334695
0.0722925002048068 0.107555556825526 0.154913863612738 0.092602800088425 0.035275559781438 0.0283207819262273 0.0337020161741583 0.0358832649268093 0.0345399086781127 0.026108556851809 0.0209941785701205 0.0162695392940155 0.0152036858417795 0.0102493133669992 0.00945358930953875
0.100226025877072 0.143472995158026 0.177471094822102 0.112301165559928 0.034046103843248 0.0322019531563853 0.0399189506069072 0.040484020930346 0.0389881328900355 0.029208109002794 0.0234177712626805 0.0180601218786492 0.0179393311905603 0.0123793411659895 0.0103091921835513
0.0603406107026265 0.09613646363075 0.1181138884792 0.089114548226207 0.0300451671206182 0.0252400931804165 0.0303354037194897 0.0330997120405375 0.0324651982871925 0.02272878827483 0.0198744163645175 0.014000027831546 0.0137208854445663 0.00936433883023975 0.00826993034914875
0.0649976306423168 0.0948247103258355 0.174677044891952 0.103558883871641 0.0310284057446732 0.0246987838894437 0.0293439055559227 0.03067363495243 0.0316998098938975 0.02392872069712 0.0194207822824475 0.0138436208570293 0.0138216702140925 0.0094610072720425 0.00826788130132875
0.0429010601672363 0.0642582051116055 0.118730441875566 0.075307325539179 0.0218947629464048 0.0177851836523065 0.0206379055624428 0.0223515387143918 0.0222470135275985 0.018474228527463 0.0135707415149352 0.00997390329251725 0.0097605655275055 0.006526408807024 0.005810093522699
0.081269768562626 0.129880674004962 0.153269946119871 0.0992843495465477 0.03546948652656 0.0322004889718405 0.0384856530135125 0.0399561831656512 0.0381366385376105 0.0308168414693805 0.022861375304736 0.01797297696798 0.0170482765089232 0.0118274945929718 0.0104173219362293
0.043858286150341 0.0687914786299895 0.111727855451109 0.068088271240866 0.023517860918123 0.019643880053416 0.022375864263204 0.0235139656403292 0.0231585375649998 0.0180012349452822 0.0141489796675323 0.0107170816564877 0.0106727406451975 0.00725759541389275 0.0065634019316855
0.0830984847912253 0.128787682454588 0.176119017360651 0.129614555003927 0.0367004444712745 0.0332837683756948 0.0388479522866167 0.0408842926822423 0.03931201552659 0.030152676230176 0.023593677078367 0.0173905971608045 0.0176413497494375 0.0122076666498647 0.0109076165490402
0.0819360010008125 0.120041441510812 0.14279841216102 0.117906107525459 0.0373706268053223 0.0313987307336542 0.037415106973501 0.0394620875005237 0.037336178849746 0.0291276924505695 0.0235422746000885 0.0180003301691123 0.0167904911354027 0.0115430248548987 0.0104428721151988
0.0426657570745803 0.0787793459795763 0.100195847211302 0.0634274077445798 0.023185247707761 0.0191337574044975 0.0220275887113615 0.023361086540372 0.0231087354226935 0.0178572802737065 0.0142991167817258 0.0107877148610562 0.0104471805587843 0.00732564187174725 0.00634166190773525
0.0577285196485072 0.0819204243650492 0.116058392350224 0.0717646153031687 0.0264912593189922 0.022182102362399 0.0256964728807958 0.0270014339526922 0.0264110817737357 0.020460743371451 0.0159509554059638 0.0127827087715912 0.0117988941359238 0.00850961339262875 0.00729245851520275
0.0679135768158985 0.102775470059735 0.145195198066131 0.0832816654614558 0.0301090717323255 0.026519331154437 0.0303235931045888 0.0314067338506435 0.0302561603295582 0.0230580505866045 0.0186378777840797 0.0139288717609587 0.0137580109333835 0.0094467188278725 0.0083610035993325
0.0975274372337197 0.152683487267954 0.191985634635179 0.120052396981814 0.039433827098633 0.0355210140501813 0.044085508385957 0.0453196302533668 0.0446160135665995 0.0338616166972348 0.026640287732078 0.0189089793752902 0.019088373782504 0.0129214187861937 0.0117835972545938
0.0729342315036695 0.106830763498563 0.139325107585332 0.0950639676245335 0.031123240709233 0.028838687004071 0.0333449731661958 0.0359973803439248 0.033948346047888 0.0256780256881653 0.0201333155690552 0.0156394912131518 0.0154908376558755 0.0108667483496602 0.00883976570505925
0.0233764632246228 0.0342420298403827 0.0464064969111952 0.0365159157236363 0.0124853178433623 0.0108395454128713 0.0123161281165937 0.0126031746174447 0.0123898950768543 0.00955050342225875 0.007513932506298 0.005875064789525 0.0057667291313085 0.00390995728634975 0.003478831243878
0.046040718622872 0.0649812387554143 0.073973553838914 0.051474611936305 0.018377857260048 0.017524862526679 0.0203986180945202 0.0212115780694627 0.0214541796282055 0.015068017630185 0.0123515562714932 0.009836353876191 0.0094906050316525 0.0066325925180545 0.00551212348260225
0.0462248613290243 0.0726076707943415 0.110862798812478 0.063309566831298 0.023743317689521 0.0200399584046015 0.022375116693629 0.0238065206135637 0.0247580798900378 0.0191778758007925 0.0142083106306773 0.0108001668881778 0.0107229666710073 0.00731918809252925 0.0063994607626055
0.0733464241049195 0.102955741116489 0.13694091074504 0.0900629995975737 0.0298663935690648 0.024905670980577 0.0301801393017535 0.0319647548362082 0.031484485059789 0.025680095714413 0.0178066320383637 0.0146872491589032 0.0143479058061642 0.009800862679702 0.0083359873003205
0.078482256260344 0.135638929574804 0.148171194407253 0.108206864062415 0.0377916404901222 0.0315941329715635 0.037435903323017 0.0377508980874365 0.0386350775667643 0.0295704991132005 0.0224521054311805 0.0177361683888838 0.0175289195983558 0.011749272243534 0.0103250936418828
0.0563759091597723 0.088652612692726 0.122263714739341 0.0765920430831775 0.027771337362223 0.0240678919298025 0.0276490572445077 0.0291068119700055 0.0306573349362643 0.0222146184291277 0.017400115420613 0.0128968507134708 0.0124808684317372 0.008502809938347 0.00792832689099425
0.080673097352033 0.114403435169354 0.148576657457527 0.114352075707991 0.0350167843854617 0.032381277587052 0.0372785129024715 0.038013996523796 0.0384699770732628 0.0293685823258418 0.0224729616890098 0.0180760739485735 0.0170684831020605 0.0116785241020435 0.0107870858464698
0.0941235406484008 0.126665783420948 0.226347774281604 0.112374618131408 0.036764347745576 0.0319846785693068 0.039978508368793 0.0418000664785318 0.0405061115526565 0.0302467735129862 0.0235015718983352 0.0184621527148527 0.0176682918624105 0.0117300468822233 0.0107196323123117
0.0802074324891225 0.138985183898329 0.157825830220531 0.103776838219986 0.0321809161410335 0.0300255051474645 0.0358515952955905 0.0368827550787855 0.0340142791005282 0.0262356846506513 0.0207299190440417 0.0169548876272875 0.0162172262425435 0.010830177379836 0.00931248062312125
0.0364458841799515 0.0534721122724985 0.07781271779991 0.0493393173579678 0.0181853801837213 0.0150718106821495 0.0161462387650433 0.0174749060971055 0.0171185449355673 0.013389486179798 0.0106107620097005 0.00778411719640725 0.00780104628601725 0.005282818215478 0.00473427486936775
0.0485263993943658 0.0650787245288025 0.080802611374652 0.0697116348489752 0.020549679010432 0.0180293631185213 0.0212177002762463 0.022006180673518 0.021378019541036 0.0163381462875618 0.0129440892674718 0.00993953801678225 0.00968144563323725 0.00676331732528725 0.00608321793905875
0.048390296398307 0.101160414558351 0.152103870980727 0.105779618387867 0.0294499693874052 0.0223004419741493 0.0252340960426468 0.0276877697956155 0.0292059858999015 0.0242215174994385 0.0167020366663058 0.0123987314764783 0.0121781868593722 0.0088750212015685 0.0077685119067075
0.081635725836082 0.130676487612424 0.166399094819377 0.110021872984121 0.0339974486522685 0.0311894019624368 0.037529150052106 0.0388282372819772 0.0377442063768845 0.0282737975169143 0.0221593656173515 0.016486531184771 0.0168194919489073 0.0123145813594508 0.0101174344089252
0.068970507598224 0.110876460108526 0.270998153346297 0.139339895705267 0.0384568414562212 0.0310087436321947 0.0358961091588657 0.0392598942157052 0.0469085623086688 0.0328476850642882 0.023508487341047 0.017338736977956 0.0162091510067795 0.0110867824211747 0.0109486362596792
0.070725774163337 0.103154152895439 0.130003122413128 0.0854110199754067 0.0303885221539828 0.0269406484339192 0.0337814822064518 0.0344242369462847 0.0320252160598243 0.024693832607807 0.0195551735840257 0.0150290179665925 0.0148437112545038 0.009983307336581 0.0087648086426705
0.0441678632465405 0.0638574781574615 0.088818867555833 0.0625238091470255 0.0212392946557795 0.018628038062059 0.0209980419401258 0.0221082215532943 0.023065620370577 0.016764511308155 0.0131076174396795 0.009962838594787 0.00988440655758225 0.0068389274534435 0.00579756133703925
0.070969211297562 0.118197649482181 0.149086237275702 0.083417136882245 0.0312465849310335 0.028098995138479 0.0349188452551775 0.0354261302822408 0.034486999488144 0.0258185884767663 0.0207424096040262 0.015690088758284 0.0154833039715198 0.0107748623076082 0.00900903318976775
0.0722027981916243 0.113571672446643 0.156875558805748 0.0968281700455628 0.0340172031217462 0.0296135602311515 0.0343132544213473 0.0370080570400003 0.0386179207571963 0.0291190617498215 0.0212397436203765 0.0161815230861008 0.0157635533508005 0.0105795823213342 0.009786655295914
0.0647937398437005 0.100537086069897 0.111571509078643 0.0777727900253117 0.0271036174381785 0.0240424809985425 0.0300788086615593 0.030795812384123 0.028759945914877 0.0217614267118863 0.017379854395243 0.0138508356678193 0.0132844520086013 0.00943030354613825 0.00794804600286275
0.0444143132923792 0.0648934835776268 0.136859623001811 0.0794291581500143 0.024492929600834 0.019205549400524 0.0227803774740545 0.023520058589105 0.0242669615484508 0.0199767429411543 0.0146615373805502 0.0111310500493897 0.0102070375607175 0.0069262775559135 0.00678393344332525
0.03639803880638 0.0636397309423203 0.10450313821812 0.069856897214121 0.0220963512000522 0.0175062051086138 0.0201129515194665 0.0220862477638895 0.0218919171851533 0.0169472505667415 0.0129585813321617 0.0102069110033735 0.00933626157022725 0.00636568324395025 0.00594887062766725
0.102428547961469 0.138391133970929 0.164264686208866 0.10894172453333 0.0412402285342135 0.037077572651374 0.0450805729310498 0.045427656874675 0.0429214527049172 0.0351275907758115 0.027025385759923 0.0202549813960178 0.019746029313209 0.013110200258814 0.0115403922250607
0.0182685038196015 0.0282459247618215 0.047314486627403 0.0332642812860093 0.0117332643073858 0.00906418473540125 0.0102643163668822 0.0108630721245865 0.0114144087071952 0.00875265323898625 0.006945186923506 0.005169768379678 0.0049506736769975 0.0033381194508835 0.00308617407809025
0.0632585382261488 0.0869807918188232 0.124189216843883 0.084672748833888 0.0292346347872955 0.0254447650623985 0.0296787412799675 0.0306783611903448 0.029323911490135 0.022005378472289 0.0172501039500242 0.0138370212372285 0.0135482533604372 0.009059111374336 0.008196600349636
0.0473517019681352 0.0843860621426613 0.109589991547196 0.076089023947594 0.0270606602302835 0.0220802607951932 0.0250586161907402 0.0262067825594298 0.026528686403111 0.0200192481285092 0.016254607514199 0.012208201279214 0.0117190114381045 0.00815942513431175 0.00708241356831825
0.0669717701548095 0.094823723310975 0.123440122056658 0.0812673520867817 0.0321036902040542 0.0272350937696253 0.0305118209004018 0.033316875791718 0.03179463259763 0.0255519830914177 0.0196977314281315 0.0146254452102402 0.01413850840408 0.0098367326713085 0.00873562894869525
0.0721155352060003 0.115405106559463 0.150830543847657 0.107422518265476 0.03346115645362 0.029381743764252 0.0329227832282723 0.0361744317135868 0.0355960608112042 0.026926983611494 0.0204356466479853 0.0159748319449747 0.0159995770622262 0.0103292783866485 0.00926638654992225
0.045511114220361 0.0862103264053348 0.196149673452179 0.0995626846178 0.0278581093910008 0.0216226016823233 0.0249284057694318 0.026593838161103 0.0290471806688723 0.0232506065762353 0.0166221332976383 0.0124403384194712 0.0114156274650517 0.0080997645392095 0.00757684113013875
0.0382007434434755 0.0602966952591417 0.0984991233665665 0.069223653486462 0.0211156312166797 0.017162756918459 0.0190055424239772 0.020556948489605 0.0218838560260993 0.0162184301838985 0.0121984772549625 0.009601562005017 0.00887790010584625 0.006223327134331 0.005662812525532
0.04506954441658 0.0795281721270158 0.143636791393847 0.0823569347146273 0.027630608016858 0.0219985645477825 0.0238995813498213 0.0244952718180255 0.0263737557378203 0.0208522767687692 0.015649603838598 0.0117431054616482 0.010896606382821 0.00766088155571025 0.00718292709017475
0.0490585175419122 0.0849983377329572 0.110084852705117 0.0855997177846897 0.0274581945574527 0.021731926354922 0.0244244184013858 0.0256606950012853 0.026591169395679 0.020482424891041 0.0158108638951975 0.0123013407932375 0.011321635447342 0.007759566030883 0.0072970891172055
0.0523275679447787 0.0824259046913567 0.117847443541166 0.0868189473275743 0.0265846447376182 0.021326874277437 0.024220296007256 0.025723323093513 0.0263815015069445 0.0214781223531485 0.0154196322829885 0.011879437458778 0.0113071736992368 0.00801074342352525 0.00729156977254
0.0244889619014518 0.0448081126290377 0.0550541784718077 0.0442415591004367 0.014123109512719 0.0120997230679002 0.012740885577223 0.013814526467606 0.0142368678696867 0.0109565649824027 0.00878492111205275 0.0063696773787185 0.00605491373002975 0.00438070042281675 0.00372250018622375
0.0622406046295165 0.0919277540023792 0.122070791136251 0.0902900525848455 0.0291652365710653 0.0252265298173435 0.0312583639075242 0.0328698376464523 0.0309916314229405 0.0255775175722667 0.0186921911023965 0.0145537037761155 0.0136197865970677 0.00955204350690175 0.00837783811828225
0.0979276555961262 0.134507520008233 0.192827123094928 0.125272739065652 0.0425604628699022 0.0359707703378288 0.045420846309268 0.046624346864176 0.0460663567945922 0.035525099006166 0.0264305970443062 0.0196387526136843 0.020351141604328 0.0138010623192192 0.012052022279453
0.0653044226013935 0.089848908333191 0.132277341643469 0.0950623480259075 0.02813280602929 0.0239344395996248 0.0285736740600125 0.0291066794376815 0.0296218174733625 0.022030263011153 0.0174319915852743 0.013335348097537 0.012508616635861 0.00884016322760175 0.00786985357278025
0.0508300803426662 0.0750502433714217 0.105632684913981 0.0698625224420875 0.0236771186658108 0.0203774726282555 0.0240929078323848 0.025061475602196 0.0243583464375507 0.0185418970077852 0.0145182344773992 0.011398829730211 0.0107412984253437 0.00764276591747875 0.007058551450992
0.0389228101036872 0.0611036619941603 0.0862706185049493 0.0781738130929638 0.0207717669956037 0.0169286393968013 0.019058476801042 0.0196775450691255 0.0205831566229253 0.0160730296206528 0.012909471106972 0.0099150016619875 0.0088134246822975 0.00639507385390675 0.0058129020925615
0.04333146754324 0.0664331129685082 0.103508076997041 0.0758192695779377 0.0248391591124042 0.0189381215141072 0.0213019018959453 0.0229668028816662 0.0248138601900233 0.0186158179730227 0.0134442157708452 0.011479917038313 0.0099105262198505 0.00695498674108875 0.006593779574579
0.0964071705212887 0.131944765215659 0.193853171108306 0.131910342874604 0.0425221086640105 0.0355329002111108 0.0420098805518495 0.0453360786025633 0.0465863362795638 0.033864033069526 0.0271049911848985 0.019725070615699 0.0187641739433662 0.0131432414869138 0.0118396576536615
0.0803021465682287 0.123260158365701 0.186385194924545 0.130593181893196 0.0377337035568745 0.0329915113217938 0.0371909045937703 0.0419203988725307 0.0411405244546003 0.0311951851154463 0.0222732785051863 0.0180457472795707 0.0173672519451483 0.0115048174736405 0.0108953250268455
0.0679529341936617 0.101205552097246 0.113873659178013 0.0743827393435228 0.0265930414686435 0.0244884830025985 0.0294449584075562 0.0306426995263987 0.0294788306234092 0.0225697615193813 0.0177293266458615 0.0137909528140863 0.0132968104512933 0.00907427135864075 0.00786772473417025
0.0583862494397735 0.0912259712675095 0.178153370989483 0.100857238714464 0.0318233525296295 0.0270445621853725 0.0301617585832883 0.0326227677283868 0.0330953274666997 0.0260337293735017 0.0192741977446428 0.0150094221730965 0.0139878827191088 0.0102448220306828 0.0090895510402515
0.076201088295653 0.127885586490679 0.184714158484934 0.12399052474273 0.0361943922119978 0.0309801322703998 0.034346396604407 0.0376713325102793 0.0390531074294923 0.028608228596726 0.021901283626907 0.0158544791278937 0.0165722491397113 0.0114398421457183 0.0099491004322385
0.0334842748441758 0.0554181587982248 0.0622899354543563 0.0461263358532783 0.0154539606916678 0.0132381143726083 0.0152279405447512 0.0166241671767877 0.0165852310658402 0.0119782448260857 0.0097507006981995 0.007565860685896 0.00716800890427775 0.004902203042521 0.00420915753558725
0.085906370815907 0.111920269053388 0.169190189815684 0.0874684637658703 0.0321074809550135 0.0284559402402252 0.0374029329611692 0.0362169453077385 0.0339853310021975 0.0257260636215603 0.019982035945005 0.015782665096239 0.015300857836736 0.0103266282149685 0.008960022679223
0.038912669744014 0.0599496072235908 0.093487605985124 0.0570426926988337 0.0210821681778782 0.0174430365648045 0.0193400953457195 0.0215735866560475 0.0208620821477765 0.0171435387493845 0.012356942028178 0.009891331291093 0.00937974427894175 0.0063546143652995 0.005709341996471
0.074177053434363 0.121163905883593 0.206699230423701 0.115240944178951 0.0359496617144627 0.031644807385602 0.0356802081297172 0.0394357039894175 0.0378503383534315 0.030193182668858 0.0222105496617735 0.0172336802181512 0.0169289951662158 0.012017170903252 0.0103329676602357
0.105951316330055 0.159024485285478 0.239164262190832 0.167332305970671 0.0446313297085728 0.038426346894263 0.0472877731470547 0.049914306802632 0.0471842409620845 0.0358026848165977 0.0280131287017605 0.0221057699159642 0.0209429868888077 0.014362699543453 0.0128125987381825
0.0479230723167178 0.0788893239004237 0.120402649136227 0.0912798824253755 0.0275988747143237 0.0225063532132533 0.024873839131924 0.0266696427434615 0.0286349090872988 0.0207590483573752 0.0168485924197668 0.012065616966155 0.0118916914220278 0.00852366219672075 0.0074072750355145
0.0748081910160777 0.119626885395359 0.185341919023782 0.100030875759798 0.0322226932148763 0.0295193366873205 0.034874155970052 0.0388154385822757 0.0355955375459235 0.0264088071903982 0.0227576660910827 0.0163211485786055 0.016024734129894 0.010905845211394 0.0094715140000685
0.071535319184805 0.10595864507613 0.127519309287163 0.0839404770373083 0.0299797635633882 0.028106078226929 0.0341497494311183 0.0353779119872683 0.0331181512401095 0.0249894657447595 0.0197017210402687 0.014990930297623 0.0150941179751183 0.0106349802434433 0.00902049882989825
0.0866265291301175 0.145209259045866 0.158585308444848 0.114914449833809 0.039435572894371 0.0353898229419908 0.0413388144332275 0.0428761266226007 0.0402246673019415 0.0327944318224797 0.0256158354164945 0.0184178648444362 0.0190264273820927 0.0135026899523512 0.0111302128649282
0.052367504826206 0.0784896938390408 0.151502727164808 0.0820704386981635 0.0281115981789765 0.022257875391584 0.025273247767898 0.027716883855246 0.0277059171233125 0.023464873192711 0.0168562492274788 0.012678564549064 0.011791790248341 0.00838000702994275 0.007469980101689
0.0323483824821652 0.05032062005403 0.119850844193859 0.0674556221777402 0.0211416942854025 0.016485454142568 0.0178809589290565 0.0186213258148808 0.0202366711403668 0.0163496650231882 0.011707024397714 0.00864864711999925 0.00818593256202875 0.0058635298253945 0.00553503168693275
0.0242659493201038 0.044884228527276 0.065037644967237 0.0467588414036232 0.013942880911243 0.011988070543604 0.0126955387172498 0.0133096026553825 0.0140048281630288 0.0112152269197603 0.008347164177108 0.007245592751036 0.00620899132713525 0.00425562903559675 0.0039081834168215
0.0472360434601352 0.0724577956984542 0.110842473505113 0.079713623075801 0.0244236992668765 0.0209172842358888 0.0229558665961452 0.023786412411129 0.025450881134578 0.0196207488498755 0.0144488304173768 0.010926700705718 0.0109997622566217 0.0074851257602715 0.00665606618157975
0.0379827753150025 0.058602160478303 0.0731295011244675 0.0630539489260593 0.0191643359882793 0.0163567502628243 0.019449685127725 0.0197210647914268 0.01977728270725 0.015133467053366 0.0118420772142958 0.00940823553017325 0.00875434550792125 0.00599460674998375 0.00524186921773875
0.0820840663250872 0.132011441911941 0.177288942786333 0.121682420845717 0.0402239596894792 0.032201151210214 0.03796537112792 0.0406046037020468 0.042249704206549 0.0317491522909763 0.024716731759843 0.0191130820604923 0.017760210108871 0.0123891463337718 0.011159164885962
0.057379037217526 0.080706206724475 0.144796544502612 0.0717361661011287 0.0269185216168213 0.0225506559234878 0.0249715788398685 0.0265914517360992 0.0278049356099055 0.0208885178414365 0.0157724695975003 0.0122678380243737 0.011807679167063 0.00813848405078825 0.007190667881125
0.0296055566842747 0.04437060731339 0.0630165933021573 0.0500754706476177 0.0150348240042157 0.0125461212165362 0.013984839849742 0.014660996869334 0.0144918010819183 0.0113950130607725 0.00902643678903675 0.00701257858064725 0.0066270695729995 0.004677862717748 0.0040728717805275
0.0482688067760293 0.075685795251023 0.218239206125739 0.105145041234944 0.0314690788304485 0.0231751299298815 0.023335662461014 0.0270312406620003 0.0322605051041258 0.0240707345172157 0.0175875668482415 0.0130917561913143 0.0112867755424915 0.00833542121012525 0.00789336987785375
0.0207158798733515 0.0351908721345795 0.0486029700743517 0.0365186523388488 0.012022514280517 0.00988901923082625 0.0107254112096955 0.0116383717594858 0.012140649552541 0.009556188040656 0.00747897074199725 0.005778760996142 0.00530767394693425 0.00357338836275825 0.00339448918626725
0.0860032029497422 0.129971256033999 0.182859559562109 0.108146447905105 0.0363915619110498 0.0310997812419065 0.0370733117401765 0.039561789003425 0.039041305643241 0.028998280743025 0.02231862961745 0.0182078507573037 0.0172805639260575 0.0117827663939192 0.0103554294467398
0.0659818832592433 0.110591638618554 0.156368540100763 0.117476353720609 0.0348854177319315 0.0289908052721402 0.0337387267729818 0.0368817190084835 0.035727420613912 0.028458751546297 0.0225462374662795 0.016297274733211 0.0162565449247165 0.0108274261307483 0.00967417499395375
0.0726719115308733 0.107765119272558 0.167015536006993 0.0909804860867268 0.0326030316835813 0.0274884743268225 0.032129156253481 0.0326668757420435 0.0336164393859298 0.0255839614248858 0.0204192593682808 0.0154419983313535 0.0147928168966975 0.0099256605249655 0.008987382952092
0.088212861532581 0.12574878298335 0.178640256716567 0.135268022985681 0.0351272941980505 0.0315656334492277 0.036873687066047 0.0385170556669855 0.0388685673640378 0.0282045904864093 0.0223431562525808 0.017569273607228 0.0170291994965725 0.012136536523245 0.009926194092952
0.0943040882757895 0.133189700294844 0.189176162948025 0.12150778677886 0.0406600360351757 0.0366037500536023 0.0425993665813008 0.0447771345435362 0.0460975529033255 0.0329543946252125 0.0254284388520375 0.0200572413127677 0.019784118529534 0.0135743923723005 0.0120062543467822
0.041870953573401 0.065140084039642 0.0989869998533248 0.0710022001798687 0.0210454167826257 0.018706657589268 0.0204744328858575 0.022549154808811 0.021890036611119 0.0184281409973947 0.0128725267700767 0.00987247645475375 0.00938999889421325 0.0064919692545645 0.006332665031066
0.0650682628282375 0.100424198190315 0.143475855087164 0.083473937926648 0.028224392952995 0.0252750341992637 0.0315938788569165 0.0325675340058385 0.030508907320661 0.0253576148978715 0.0180556620674363 0.0149676152885385 0.013941854033709 0.00968593804405925 0.0084084400681475
0.0455012896851692 0.0576015335028918 0.0791436955876377 0.055018402351322 0.0184631325521645 0.015349744617748 0.0184379368877292 0.0194998610826932 0.0189110782604653 0.0142965357403503 0.0109999776620678 0.00872141792340875 0.00821438951809625 0.0057295353005205 0.00516011638756325
0.052995439215496 0.0875309407221385 0.161993943397612 0.0968502009446083 0.0287034775866768 0.0233583464022752 0.0259307808199257 0.0286104487505273 0.0303562204665018 0.022784724563397 0.016541167142988 0.0136306573157323 0.0124897423537222 0.00845535538700475 0.0077881186149475
0.087856912038485 0.150032907643482 0.220865948415972 0.124487834131339 0.041299913141609 0.036317357553704 0.0428775009173797 0.045637430665231 0.0435552894304903 0.0340092191300747 0.026047672989888 0.0204553920395045 0.0194603510341427 0.0132773904697167 0.0117735918444952
0.0460486419854955 0.059174500592287 0.0790916087476525 0.0575769487162447 0.020206845343979 0.0174484955121392 0.0194092156350778 0.021627151045251 0.019725206575526 0.015162159573939 0.012578197589382 0.00987007288988075 0.00938387888666675 0.00623453598813475 0.00559593869566675
0.0242204005800793 0.0393841577728395 0.0657128017818545 0.0411849047554637 0.0150988860342362 0.0118111361309113 0.0130952110910405 0.0136663286430635 0.014529753207693 0.011403448347558 0.0084884464242835 0.00626981995812425 0.00629474432413025 0.00421056020002375 0.0039630187078075
0.0644749677695547 0.088277547652811 0.124688741450403 0.0862966336323168 0.0280791408219135 0.0240638397704815 0.030296968434229 0.0309625189438942 0.0301960441201027 0.022661260017956 0.017404519529959 0.0136558468277042 0.0135467591354857 0.009090602503295 0.0080598359564065
0.086762322225114 0.127101282429511 0.144656678349059 0.120115662450976 0.0352921168338328 0.031323931849909 0.0393332683244877 0.0391980089970915 0.0384937701105142 0.0273349172101255 0.022754969174404 0.0181450087952608 0.0170375443412137 0.01194884376026 0.010291162243578
0.0780217154252743 0.114240295440648 0.170095606119562 0.0901103492480818 0.0319014194321098 0.0276844679275025 0.032801632989746 0.03469358743393 0.033014570471936 0.025341125397332 0.0191946552269755 0.0151962581605253 0.0148021887386852 0.0103794831029882 0.00889234915004425
0.0780592229335347 0.119809296922159 0.181404630881677 0.110080323585452 0.0361351657716907 0.0317025946588402 0.0363213215666782 0.0396877413026025 0.0374539694363375 0.030360292896833 0.0229925942889068 0.0172884911324402 0.016883673207777 0.0115456716421693 0.0100456579453345
0.0641830568832815 0.0964695768184635 0.174153259623199 0.0902757045379582 0.030689560326797 0.0252565591176135 0.0303342884318662 0.0323331481841862 0.0318974999383115 0.023640668486254 0.018755825981125 0.014845530633883 0.0135504614060913 0.00943015260505075 0.00850001437631825
0.0613891828528785 0.080605532301537 0.103173461643408 0.0596164635140818 0.0235015900857923 0.0221267906167397 0.024941837223228 0.0260790304044532 0.0255457489279335 0.0186525279142975 0.0148430134084 0.0119533410508655 0.0116176870071485 0.00804631798787275 0.0068893193273335
0.0375437249235547 0.0591786968336978 0.089841952755685 0.0636006839490312 0.02099029336152 0.0171516308118735 0.018611201390698 0.019738742954038 0.0212277325399363 0.0167305910507638 0.0127567309189677 0.009563020303537 0.00893840676166875 0.0065168946314985 0.00573236293973375
0.043755536796655 0.0712412539538875 0.141475485765974 0.07594056740392 0.0242271147985418 0.0194419986282295 0.0216131655094843 0.0236439746379337 0.0247780980516305 0.0198065625341638 0.014482485476022 0.0111277931875397 0.0106790505036918 0.00691580213126575 0.00673720327305175
0.0877070056565667 0.148713633256194 0.161044054614487 0.0957089698907515 0.0335099696296123 0.0317699979660225 0.0388644808069405 0.0401508977449812 0.0389948303756288 0.028480651078483 0.0226184474486707 0.0172249904629188 0.016970678996718 0.0115982810192537 0.009947757047435
0.0346790707371815 0.0504240547605823 0.112914632239913 0.0538605976469402 0.0180409044457015 0.0155972405859668 0.0172562956717902 0.018577777421479 0.019180122813899 0.0147836909793248 0.0119654310484838 0.0086032650927025 0.008569124817946 0.00565341660736675 0.005238673518326
0.0755366212297193 0.108873812850509 0.131290094044839 0.069284110931967 0.0250460457645005 0.0237188644634905 0.0290912159328653 0.0308562999724265 0.029279910480104 0.022285451748419 0.0166804272948127 0.0126275391561098 0.0131393922152607 0.0092900253575865 0.007396423100507
0.0255876726168222 0.0398133444547673 0.070665304259531 0.0484329606994068 0.0145277991814615 0.0118746731097865 0.0130797993593 0.014359054888993 0.0141918903264923 0.0115439369933952 0.00876703844914675 0.00706379524176525 0.00619793043555525 0.00437515723148 0.0040125146296305
0.0343552489449525 0.0544811546494685 0.133929707070222 0.072413990702562 0.0227598959766653 0.0160953281774665 0.0184736709957907 0.020583821914794 0.0246214623785935 0.0177608090443357 0.01276456050898 0.0092833634237085 0.00857484078259725 0.00609571859053625 0.00597764005653475
0.0734804355368415 0.108586067642523 0.139822636795662 0.107638202993482 0.0316360901825833 0.0279963526989798 0.0339145940598818 0.0367154609597607 0.033809286222044 0.0251840165205303 0.0202169003681363 0.0160251055964262 0.0153938389473875 0.0104007627478485 0.0090417603268365
0.0788619137463567 0.139968602390601 0.199236078284748 0.134589434818219 0.0412290944768378 0.0350917074507522 0.0401745619767975 0.0429221523176578 0.044175930997164 0.032869534028313 0.0256885714366385 0.019620527235835 0.0185885913925283 0.0128945185487198 0.011656700032456
0.087318058917354 0.119150282056731 0.147628676088 0.090499640491756 0.0330654503399912 0.0301687126954642 0.0363290248874615 0.039412210288968 0.036165440391502 0.030928388188107 0.0215229863017865 0.015903584025976 0.015938458239904 0.0111277254790248 0.009842425181988
0.0868064804166568 0.130157594272039 0.197005268968753 0.144803821719791 0.0429463822227487 0.0341069181710635 0.040669371139462 0.0427486753978255 0.0465833364046897 0.0368670173889998 0.026663891423643 0.0194629047522352 0.018596103738844 0.013143919916828 0.0118474840346177
0.0427326372340782 0.0667751655120137 0.0931239913590993 0.0619123047179225 0.0228018850076995 0.0193503355267193 0.0211729313860942 0.0232991605247235 0.0226244474691558 0.0172686604604887 0.0137698300659577 0.0108767696913853 0.0101248329107405 0.00679476754578075 0.00634108057767625
0.075580067587287 0.122503191220987 0.175633961772962 0.106189499517339 0.0348137762551205 0.0293054112791375 0.0351682978429933 0.035851837331177 0.037532878420754 0.0274099541941033 0.0206444636862645 0.0163594389156252 0.01552353140196 0.0109044689038198 0.009691235200001
0.048876416792385 0.0671590815745535 0.0976940625385307 0.0843209400821577 0.024358352898798 0.0196048618500687 0.0236561210782725 0.024043209150028 0.0251313701091818 0.018914113606108 0.0146903847773525 0.0111776918721345 0.010355566013304 0.007559008947861 0.00667997147751225
0.0236171565125393 0.0391601857878865 0.106861821441548 0.0548994310063542 0.0164542329939612 0.0116658498182657 0.012960311145464 0.0137847855178567 0.0147252400277077 0.0119527056512655 0.00906218982888025 0.0066697209985875 0.005930332292492 0.004192959576964 0.0042558112274095
0.0466430582467372 0.0661139781361738 0.0667440578861485 0.0509728185390338 0.0178250311808467 0.0161296750049428 0.0196851535027522 0.0203146688766337 0.019640384671874 0.0145376743467005 0.0120636340003912 0.0089520471883815 0.008991882380078 0.0061515156986265 0.00521096723211175
0.060874173081399 0.095493916442606 0.158112292224567 0.0964805381655898 0.0291350865174533 0.025145297048633 0.0308143024118827 0.0319749972726337 0.0329436806561793 0.0237318531707577 0.0183901498129725 0.0146373412340022 0.0139802494513225 0.0095201491385515 0.008451832575196
0.032932581565944 0.051641738129051 0.0770788689025123 0.065416489994194 0.0177387369878872 0.0159065150693612 0.016966323381837 0.0178036066646895 0.019247199599299 0.014125408260278 0.010790959755132 0.0079248755120435 0.0078435908552285 0.005664346306883 0.0050553354228245
0.0539492435073248 0.0843615079306972 0.138215022290375 0.0977703660100332 0.0285634451975552 0.0227683055659692 0.0273568452838268 0.0298101129253038 0.0286883590156845 0.022964959926345 0.016975318432537 0.013381950453565 0.0122383070172175 0.00870938062436375 0.007882789205045
0.038610827770582 0.0642502271128655 0.0979437760674593 0.0677088944165188 0.0227164390815375 0.0190007072985015 0.021598060095129 0.0218032910258778 0.0233508123672367 0.0175764323480848 0.0137253332952073 0.011118253143877 0.00996593977005225 0.00701113756407575 0.0062642329383435
0.0405496781002258 0.0570929807143835 0.131508486577879 0.0853517073591405 0.0224954166891855 0.017611421216201 0.020667428918995 0.0219965543825145 0.0260692473239465 0.018759703311563 0.0133157073510697 0.0101649481741413 0.0093338326464275 0.006586842489813 0.006347306917349
0.070255364831049 0.128316026232354 0.14830444752491 0.085325064752888 0.0267098377591883 0.0254103902078385 0.0311517798760205 0.031242674415633 0.028985702881813 0.0221233823820417 0.017485778072692 0.014768208312908 0.0136466089296023 0.0096588389138325 0.00795048238256075
0.057973061283152 0.0938355304531622 0.15987692804722 0.0995255608014695 0.0311604091098233 0.0252711733633285 0.0307308091485368 0.032380423715559 0.0322316088580622 0.0265285435916728 0.0194347758106025 0.0147323688492873 0.0134778835028862 0.00982227982648275 0.00874573920073825
0.086627617112025 0.14569647750768 0.190656625709653 0.127566625061106 0.0405364857967073 0.0353009585515632 0.0409486792840235 0.0442009027493847 0.0419881410721555 0.033743350364628 0.0262696931377325 0.0191580763637253 0.019156595276795 0.0130840238194427 0.0115141952573955
0.0433408409796453 0.0666588001560398 0.116089051848294 0.0909290968347577 0.0272926192250892 0.020815965669256 0.0238751665658905 0.0252073282091148 0.0283859669039592 0.0205496410559195 0.0151858724840992 0.0116165462000065 0.0110005244166825 0.00811347049463325 0.0071362495966035
0.0556121937735237 0.093525270074457 0.122128356137305 0.100430261099762 0.0305941230671473 0.0255425575823335 0.030005143573554 0.0309572753100897 0.0298169809343465 0.0237568195376677 0.018140678027332 0.0142257285976727 0.013323891082604 0.00938682925369 0.0082761339016285
0.0284586585506868 0.0485322246558075 0.100644528172558 0.065278506472028 0.0182538440872125 0.0144246344108982 0.0153467332346938 0.0173576614399878 0.0188326138733835 0.014912550755478 0.0104505960601582 0.007985091124363 0.00727503946780925 0.00505522448951425 0.00488162983407025
0.0622040817904975 0.0871159150456305 0.13819116471945 0.0908312889804028 0.0271736428825805 0.023928595060186 0.0268504307055 0.028179646551303 0.028340069172578 0.0224539866838342 0.017827099493997 0.0131461920020535 0.0123459017482318 0.0085730736129615 0.00777075540979225
0.0813281251013783 0.106121944409661 0.184789269846528 0.0900019473758227 0.0311884422567735 0.0277838578324443 0.033359193101161 0.036920488603478 0.0348741430076055 0.0257058184313873 0.020877544661743 0.016069935030907 0.0154358445798433 0.0106222599914232 0.00890704528530775
0.053610567850786 0.087452825563488 0.104108289717885 0.0697864174052055 0.024832015283036 0.0223283486802758 0.0254601767089512 0.027439327893436 0.0257022004429853 0.0206373348769107 0.0159044684681162 0.0129735196870935 0.0121294437964545 0.007996036843297 0.00704545253233725
0.053257127805737 0.101147051920338 0.165560197372077 0.109160435442221 0.0296298746003665 0.0242610051089758 0.027190577557369 0.0303633231239082 0.032023863292676 0.0236935801849343 0.0179164675252395 0.0141189885372675 0.0129821077466535 0.008652959360528 0.0083099848725435
0.0864350978681375 0.126275943942736 0.203799362568188 0.118798492145162 0.036152773633976 0.0308852352680942 0.0391600905520893 0.039288640531166 0.0385343074911573 0.0306513670619235 0.023570030340897 0.017710321306138 0.0171039416478023 0.0119933183008075 0.0107622040181107
0.0617242430714992 0.096754318196171 0.163371727106441 0.105814880142788 0.0340071531659202 0.026899574699176 0.0317044689172178 0.0338543114907233 0.033618876173136 0.0272696280809333 0.0203016199124933 0.0155767687069555 0.0144062798714572 0.0101618609594693 0.00914879734224725
0.051879045752347 0.070365631619208 0.0857400080301793 0.051302458990085 0.019692951168335 0.0176244757997077 0.0202095471948667 0.021687256101491 0.020241987631422 0.015142162406263 0.0122588281395755 0.00990393126985525 0.009437386754742 0.00634791030468725 0.00555523737860075
0.055172189735458 0.093097389479391 0.111829084900568 0.0778342683250905 0.0260796016278898 0.023235014785838 0.0280680243180372 0.0282009717384925 0.0290634057079612 0.021276221956394 0.016541276528568 0.0131885844961342 0.0123379842529853 0.0084851033512415 0.0075636772395925
