96.004987117233 99.3513386014445 98.6686133500808 99.7454755291033 99.9469050460578 99.9889244265419 99.9976591785403 99.9994852997735 99.9998797605672 99.999970105981 99.9999927157354 99.9999982848741 99.9999996019017 99.999999910967 99.9999999888968
95.906657678241 99.3292634014644 98.5761554873326 99.7363193139484 99.9469734816058 99.9894499124121 99.9978759703776 99.9995540884272 99.9999003374369 99.9999762465986 99.9999944464445 99.9999987440737 99.9999997194834 99.9999999394755 99.999999992719
96.2724125349649 99.4270664313094 98.5682509270623 99.7363883702694 99.9451211540467 99.988586932811 99.9975719995378 99.9994582934671 99.9998706534076 99.9999669455628 99.9999916883531 99.9999979757094 99.9999995111012 99.9999998862471 99.9999999851363
96.4816288037526 99.4299216763131 98.5341434817524 99.7219752971729 99.9420456416091 99.9879926109414 99.9974757537906 99.9994453486219 99.9998700532076 99.9999675031168 99.9999920197145 99.999998103044 99.9999995548965 99.9999998992637 99.9999999872604
96.0360499671924 99.3031628254249 98.4503653176828 99.6923294022924 99.9341115209834 99.9860621151457 99.9970295062662 99.999340875548 99.9998446492998 99.9999610350723 99.9999904352941 99.9999977345975 99.9999994719922 99.9999998816358 99.9999999852452
96.7498708077598 99.5004728508729 98.6656964687129 99.7685586006313 99.9548532985276 99.9911609448092 99.9982275859336 99.9996261851681 99.99991551292 99.9999795342111 99.9999951180635 99.9999988703079 99.9999997407498 99.9999999424791 99.9999999928504
95.6015104672603 99.2452153029359 98.5202250516906 99.6982875399914 99.9335871550605 99.9855344286094 99.9968126895666 99.999267386303 99.9998208024069 99.9999533146978 99.9999880776601 99.9999970574776 99.9999992844807 99.9999998324891 99.9999999780465
95.8263429396372 99.3063831915422 98.9277127579281 99.7898251265577 99.9550442332467 99.9904822308292 99.9979597496514 99.9995441320932 99.9998915412576 99.9999724709619 99.9999931330544 99.9999983394689 99.9999996022388 99.9999999078545 99.9999999879799
95.3486081659114 99.256756659185 99.0721774743857 99.8258128029385 99.964228006545 99.9926958525487 99.9984856926331 99.9996710874974 99.9999237149406 99.9999810700924 99.9999953717148 99.9999988986709 99.999999739463 99.9999999400587 99.9999999921992
95.830337264706 99.3598215521245 98.5448036059492 99.7300511005428 99.9452704974327 99.9889752970616 99.9977445067766 99.9995166373971 99.9998894168706 99.9999729649764 99.9999935070007 99.9999984891592 99.9999996524337 99.9999999227171 99.9999999903927
96.8173118214606 99.5117638555931 98.2501393572567 99.6884681685645 99.9360520318712 99.9867261771486 99.997157729025 99.9993568670385 99.9998436559139 99.9999592622568 99.9999895493723 99.9999974024501 99.9999993615094 99.9999998488919 99.9999999799292
95.4809914565071 99.2148207443297 98.7113394359586 99.7553628968455 99.9496555080382 99.9897827591232 99.9979081652067 99.9995545596912 99.9998992357111 99.9999757392926 99.9999942790705 99.9999986969334 99.9999997072255 99.9999999365159 99.999999992326
96.0154915234888 99.3498971829525 98.7499123135631 99.758855955386 99.948574043337 99.9890608554842 99.997624870221 99.9994601206933 99.9998688231877 99.9999659097325 99.9999912874477 99.9999978457105 99.9999994716629 99.9999998754423 99.9999999835092
95.2579789188327 99.2555509122581 99.0435167690755 99.8178680776503 99.9621252340711 99.9921484567448 99.9983481475958 99.9996355227719 99.9999140930706 99.9999783217982 99.999994607492 99.9999986932757 99.9999996850428 99.9999999261718 99.9999999902031
96.2954277163649 99.3724637731732 98.7599586094849 99.7699240790621 99.9539165628514 99.9908801692003 99.9981737176555 99.999619812677 99.999915800061 99.9999801090296 99.9999953934519 99.9999989707563 99.9999997722349 99.999999951533 99.9999999942687
95.449895429024 99.2865217646428 98.9375013318839 99.8064653578778 99.9615559290027 99.9924364295993 99.9984969556956 99.9996884466445 99.9999312768136 99.9999838228758 99.9999962618485 99.9999991627279 99.9999998142139 99.9999999600217 99.9999999951833
96.0183937620595 99.4770550896504 99.2579514592018 99.883379302316 99.9794767646621 99.9963733231617 99.9993410875098 99.9998736214648 99.9999739719262 99.9999942420833 99.9999987423283 99.9999997320156 99.9999999429156 99.9999999880756 99.9999999985852
95.6983482456454 99.2559022214489 98.6283216744066 99.7271168107976 99.9413487092221 99.987549302642 99.9973333261578 99.9994053674369 99.9998591015735 99.9999644615863 99.9999912179218 99.9999979030245 99.9999995063863 99.9999998880125 99.9999999858064
96.2821266204975 99.4056591791701 98.4969675976922 99.7126994887866 99.9393093340451 99.9872065242514 99.9972495579069 99.9993795837848 99.9998503911521 99.9999614431008 99.9999902299969 99.9999976018411 99.9999994189405 99.9999998642743 99.9999999822339
96.1281490644623 99.3185416756029 98.7984999967553 99.7646003914022 99.9496929019942 99.9893197231649 99.9977028809814 99.9994836467696 99.9998762834505 99.9999683575412 99.9999920491064 99.9999980638994 99.9999995340808 99.9999998917229 99.999999985884
95.8398215710099 99.3198009877682 98.2066981086392 99.6505656656378 99.926133004397 99.9845946432564 99.9967504866276 99.9992865390691 99.9998333995981 99.9999585690628 99.9999899129927 99.9999976334545 99.9999994524655 99.9999998784468 99.9999999850036
95.020207267016 99.213703634863 98.9081872365567 99.7853385668847 99.9544994248672 99.990445449527 99.9979647192566 99.9995478764647 99.9998929950219 99.9999729699809 99.9999932888078 99.9999983847254 99.9999996138192 99.9999999106732 99.9999999883369
96.0914018932286 99.3420678185148 98.9629300164469 99.7963825268094 99.9564556336916 99.9907609982016 99.998016528452 99.9995554308282 99.9998938038248 99.9999729048526 99.9999931997952 99.9999983434701 99.9999996005436 99.9999999068369 99.9999999877856
96.2934846153813 99.4545267135704 98.4167020873992 99.7198513434828 99.9454985318325 99.9894510138701 99.9979248231327 99.9995726845888 99.9999060352347 99.9999779038883 99.9999948922744 99.9999988558445 99.9999997465014 99.9999999456958 99.9999999935184
96.6605312335172 99.4780824874274 98.8086871453184 99.7961693732702 99.9620957509606 99.9930242633687 99.9987012874289 99.9997481913371 99.9999480237839 99.9999885443582 99.999997522093 99.9999994815582 99.9999998927205 99.9999999785481 99.999999997626
96.0428710778946 99.3451645536306 98.5626180910452 99.7167367394074 99.9384321932365 99.9866903512641 99.9970815097513 99.999330696561 99.9998363094612 99.9999572723312 99.9999890443865 99.9999972799621 99.9999993336777 99.9999998427102 99.99999997919
95.9347292270705 99.2749468808104 98.8817434516882 99.7723235557169 99.9506552365156 99.9894559994676 99.9977272893638 99.9994916989806 99.9998793327038 99.9999695241039 99.9999924621732 99.9999982013972 99.9999995759661 99.9999999038704 99.9999999878179
95.9989582752821 99.4546533623293 99.0522049593399 99.8435926442059 99.9716332160111 99.9948489005578 99.9990404341375 99.9998116244278 99.9999603120817 99.9999910215112 99.9999979951391 99.9999995638243 99.9999999053407 99.9999999799412 99.9999999975988
95.2987571516078 99.2708932855724 98.4541912581693 99.701902736374 99.9374285710958 99.9869686083134 99.9972389216638 99.9993876984234 99.9998550013092 99.9999632994046 99.9999908604692 99.9999977920232 99.9999994712383 99.9999998775438 99.9999999840352
96.5232517445072 99.4667723933922 98.6840402154045 99.7666674078161 99.9545308756485 99.9911782035396 99.9982591402397 99.9996401641345 99.999920531546 99.9999812262559 99.9999956388571 99.9999990178981 99.9999997811621 99.9999999528307 99.999999994328
96.4003500604189 99.4287079433398 98.0498140391467 99.6471636387339 99.9299849997136 99.9862355985762 99.9972547076975 99.999428301055 99.9998730712962 99.9999699200901 99.9999930086433 99.9999984308915 99.9999996522671 99.99999992584 99.9999999912273
95.8597430501233 99.3582446712333 98.7200889141807 99.7728404443968 99.9560919806025 99.9915881951336 99.9983673370078 99.9996689976267 99.9999284710822 99.9999834941965 99.9999962602124 99.9999991793217 99.9999998217798 99.9999999625221 99.9999999956043
95.9531966286467 99.4614858870561 98.8654587919229 99.8097202606277 99.9644098566293 99.993311927478 99.9987077422633 99.9997368312557 99.99994244724 99.9999864800372 99.9999968659435 99.9999992935631 99.9999998410454 99.9999999652614 99.9999999957162
96.0982109619454 99.4275228739828 99.0330523108861 99.8274323787187 99.9655584787353 99.9931085896232 99.99858875714 99.9996955773976 99.9999295574114 99.9999824990338 99.9999957029789 99.99999897044 99.9999997542347 99.9999999428613 99.9999999924674
96.4408025299272 99.4594773421847 98.5217507404401 99.7359388591958 99.9479921988799 99.9898172365209 99.9979694193229 99.9995774035327 99.9999061061168 99.9999776781033 99.9999947854493 99.9999988229479 99.9999997358203 99.9999999429586 99.9999999931301
95.8416267484256 99.3536679426178 98.6652785304594 99.7533991556886 99.950657133483 99.9902476821575 99.9980495641011 99.9995938371712 99.9999099742623 99.9999787149695 99.9999950625927 99.999998892662 99.9999997540172 99.999999947241 99.9999999936831
96.4505487347082 99.4553846507252 98.6604447022796 99.7554469884312 99.9507855349647 99.9901100833196 99.9979803997291 99.9995680649102 99.9999013850615 99.9999759251773 99.9999942222882 99.9999986554207 99.9999996903503 99.9999999310111 99.9999999913961
96.2292742866045 99.383717332853 98.7998878587229 99.7754085599407 99.9543627118803 99.9908259582393 99.9981299993109 99.9996034453487 99.9999104732202 99.9999784251928 99.9999948987263 99.999998835611 99.999999736107 99.9999999424662 99.9999999929959
96.1571436296477 99.3647015043168 98.9611556848638 99.8024498328111 99.9589786749639 99.9915328477309 99.9982233018878 99.9996099652177 99.9999085855597 99.9999770923735 99.9999943498478 99.99999864727 99.9999996789261 99.9999999262336 99.9999999904606
95.9215322775189 99.3025157161861 98.9127641740678 99.7908822711197 99.956295851122 99.9909720118664 99.9981127888215 99.9995893888387 99.9999049459666 99.9999765380877 99.9999943182853 99.9999986696098 99.9999996915416 99.9999999310007 99.9999999913516
96.3195373980085 99.4004094118288 98.8715031755211 99.786639069125 99.9558221950841 99.9909190953013 99.9981080890217 99.9995882161008 99.9999044343752 99.9999763066828 99.9999942226961 99.9999986333013 99.99999967993 99.9999999274663 99.9999999907768
96.4550318060197 99.4753534159347 98.3524425471439 99.7151386866293 99.9452945404318 99.9895196201036 99.9979534586095 99.99958142224 99.9999085291966 99.9999786200176 99.9999950881763 99.9999989070046 99.999999759187 99.999999948704 99.9999999939061
95.8635787470675 99.3340584915983 98.417733659977 99.6854689747522 99.9331944565943 99.986005308435 99.9970389640446 99.9993484801797 99.9998476302802 99.999962063113 99.9999907480496 99.9999978230973 99.999999494953 99.9999998873611 99.9999999860133
96.2167026782094 99.3769444168626 98.3013490198021 99.6890735925613 99.9386858941738 99.9880561339488 99.997648921554 99.9995183854276 99.9998950571813 99.9999756273063 99.9999944556071 99.9999987835153 99.9999997366536 99.9999999451647 99.9999999936857
95.4994483421922 99.2919978786953 98.5116909937201 99.7142030450767 99.9397498211543 99.9874097354666 99.9973328755107 99.9994094528747 99.9998606254037 99.9999649033629 99.9999913232981 99.9999979229821 99.9999995088703 99.9999998878609 99.9999999856549
96.4873681349921 99.4621187204984 98.4194191606097 99.7194880859154 99.9447470589164 99.9891546191984 99.9978362361259 99.9995477298333 99.9998990606065 99.9999759157454 99.9999943565146 99.9999987197616 99.9999997131045 99.9999999379224 99.9999999925241
96.0195314993285 99.4240254285907 98.638177872318 99.7713573375796 99.957878286099 99.9922846306638 99.9985648425102 99.9997205810099 99.9999419397333 99.999987099433 99.9999971839909 99.9999994044501 99.9999998752904 99.9999999746975 99.9999999971459
95.7475689275785 99.2444082529405 98.6936791732023 99.7399991649825 99.9433638967898 99.9877681611261 99.9973157679688 99.9993842839317 99.9998492737325 99.9999606037544 99.9999898801439 99.9999974832727 99.9999993810979 99.9999998533998 99.999999980494
95.650502908576 99.3030860455637 98.5623507296952 99.7245835097189 99.9427957952468 99.9882479918177 99.9975570007183 99.9994704437499 99.9998778302155 99.9999699540856 99.999992750837 99.9999983078816 99.9999996099742 99.9999999131929 99.9999999891999
96.0122668782226 99.3530124568535 98.6078339837988 99.7432623235959 99.947917177082 99.9895573920386 99.9978787237127 99.999551772816 99.999899222676 99.9999758280011 99.9999943176531 99.9999987120497 99.9999997105653 99.9999999375021 99.9999999924831
95.7997156922284 99.2405606644887 98.9511508806046 99.785969126658 99.9529233418143 99.9897766497956 99.9977598049433 99.9994899185407 99.999876612109 99.9999682231687 99.9999919724001 99.9999980387606 99.9999995261353 99.9999998896126 99.9999999855519
95.7041328027852 99.3068684162276 98.6417668734369 99.7381612291475 99.9456322939578 99.98883474646 99.9976771211838 99.9994961967178 99.9998836163491 99.9999713079228 99.999993055682 99.9999983742505 99.9999996230835 99.9999999157251 99.9999999894532
95.8599841889646 99.258515662826 98.1007282835388 99.6022419707603 99.9103479036704 99.980127637251 99.9955640615046 99.99897344196 99.9997481787535 99.9999344366429 99.999983331833 99.9999959278498 99.99999902238 99.9999997756261 99.9999999714043
96.1936402132744 99.3591814013155 98.5599310426221 99.7268719652183 99.9435072110489 99.9884373892491 99.9976036916661 99.99948282996 99.9998812256585 99.9999709188342 99.9999930203205 99.9999983832418 99.9999996298539 99.9999999185035 99.9999999900052
96.5269785373888 99.440811928607 98.7046027740063 99.75987407418 99.9503979961532 99.9897466837038 99.9978331447652 99.9995194903842 99.9998859441327 99.9999710066641 99.9999927426145 99.9999982385806 99.999999575876 99.9999999014857 99.9999999871387
96.4342752047706 99.4444249388504 98.9306414038174 99.8132894176019 99.9642511118224 99.9932095555453 99.9986936264193 99.9997376950583 99.9999438889079 99.9999871786116 99.999997122047 99.9999993738937 99.999999865087 99.9999999718219 99.9999999967165
95.8264702615968 99.3686460055989 98.7594780575613 99.784126392554 99.958633878184 99.9921506847576 99.9984878713746 99.9996957162058 99.9999346846078 99.9999850154904 99.9999966228925 99.999999263112 99.9999998405667 99.9999999666293 99.9999999961032
96.3076795783862 99.3476244459502 98.7872728520615 99.7626135740036 99.9499973667965 99.9896001105954 99.9978190126842 99.9995245591107 99.9998899351454 99.9999728828427 99.9999934569039 99.9999984755599 99.9999996500854 99.9999999226412 99.9999999904785
96.8919255540459 99.5313651523037 98.5884718945619 99.7622855870042 99.9548512288078 99.9913942345389 99.9983185485868 99.9996548013897 99.9999240453537 99.9999820746062 99.9999958332596 99.999999060981 99.999999789609 99.9999999544583 99.9999999944866
95.8544504797159 99.2921658793913 99.0168648066193 99.8087650582858 99.9590997749837 99.9912988774708 99.9981148390825 99.9995721840442 99.9998962378787 99.9999730776945 99.9999931143789 99.9999982871578 99.9999995771915 99.9999998988535 99.9999999863109
95.7720150104443 99.3851298858555 98.7102317881481 99.7768112811127 99.9576395827071 99.9920198026405 99.9984722541002 99.999694373007 99.9999347723038 99.9999851194306 99.9999966654866 99.9999992766901 99.9999998444601 99.9999999676485 99.9999999962493
95.8557094448447 99.2888753574296 98.8085259332311 99.7668368167318 99.949955941122 99.989380375569 99.9977160652079 99.9994886722605 99.9998781229193 99.9999690081384 99.9999922627841 99.9999981325312 99.999999552978 99.9999998969797 99.999999986672
96.2428370628911 99.3737325795154 98.5638057506261 99.730144765469 99.9435340664329 99.9882154117939 99.9974990794226 99.9994433070546 99.9998676492369 99.9999663785487 99.9999916097968 99.9999979722642 99.9999995161203 99.9999998886036 99.9999999856461
95.2681360941811 99.2764959627712 98.7662689708424 99.773803711355 99.9549205278683 99.9911226906886 99.9982311885354 99.9996328683825 99.9999189039599 99.9999808995547 99.9999955872586 99.999999013864 99.9999997818186 99.999999953308 99.9999999944128
95.2119540920519 99.300517088147 98.8995656475149 99.8051365947972 99.9622795391864 99.9927322932981 99.9985739121218 99.9997065488552 99.999935438745 99.9999847945075 99.999996473401 99.9999992050631 99.9999998220273 99.9999999612697 99.9999999952591
96.0669934295116 99.3009789272453 98.9110896287096 99.7787587249013 99.9514726252761 99.9894670834229 99.9976882972305 99.9994717857542 99.9998716384481 99.9999667726317 99.9999915615554 99.9999979274982 99.9999994973474 99.999999882533 99.9999999845976
95.6872382207591 99.3202109597367 99.0317046116585 99.8256229088891 99.9660682476047 99.9934541452387 99.9987238793288 99.9997403635414 99.9999437867181 99.9999870106371 99.9999970546098 99.9999993528095 99.9999998590972 99.9999999702334 99.9999999964816
96.41317647335 99.464401969293 98.9478598323675 99.8099708175017 99.9616466753624 99.9922249813617 99.9983852285488 99.9996471278355 99.9999173292146 99.9999792364889 99.9999948549629 99.9999987594342 99.9999997027768 99.9999999309129 99.9999999909273
96.084636391095 99.3451183266446 98.5110197544636 99.7377946215499 99.9507775126464 99.9908959482768 99.9983011009156 99.9996703211266 99.999931989647 99.9999850441755 99.9999967798291 99.9999993313834 99.9999998630651 99.9999999729983 99.9999999970698
95.4813400595195 99.2894363888093 98.9114183739418 99.7944680878146 99.9576510601682 99.9913572915815 99.9982139083788 99.9996147920993 99.999911491039 99.9999782928368 99.9999947677782 99.999998776601 99.9999997165834 99.9999999363574 99.9999999919633
96.054610386098 99.3302571523912 98.9781285233925 99.8053363051085 99.9595785786599 99.9916885693821 99.9982699236505 99.9996247159533 99.9999133203815 99.9999786368297 99.999994826435 99.9999987855501 99.9999997175971 99.9999999364416 99.9999999919632
96.3274777285647 99.4332373387521 99.2037228295407 99.8626837960777 99.9740875314028 99.9951324812949 99.9990715704211 99.9998147323452 99.9999605457098 99.9999910084511 99.9999979827413 99.9999995600214 99.9999999045783 99.999999979847 99.9999999976077
96.1079159421145 99.3575721178451 98.9085968962649 99.7941373695788 99.9571790960417 99.9911776415774 99.9981576343011 99.9995987442127 99.9999068951216 99.9999769367108 99.999994384849 99.9999986749906 99.99999969011 99.9999999299014 99.9999999910896
95.8418234915922 99.2643742018276 98.9292877685871 99.782465043361 99.9525776803629 99.9898004089153 99.9977894432907 99.9995020149919 99.9998809118626 99.9999697077751 99.9999924510871 99.9999981814884 99.9999995677679 99.9999999008563 99.9999999872513
96.06367285268 99.2592185065953 98.4457396592644 99.6856319663965 99.9314020820188 99.9852494708376 99.9967974877828 99.9992776760477 99.9998269310179 99.9999558773057 99.9999889925011 99.9999973555263 99.9999993737631 99.9999998579043 99.9999999820634
95.2950712978452 99.1899923551395 98.7737202250252 99.748390357111 99.9450436244899 99.9881850257708 99.9974459898567 99.9994269733508 99.9998637413767 99.9999655830324 99.9999914984793 99.9999979740875 99.9999995246826 99.9999998926148 99.9999999864609
95.9414171747356 99.3598247986617 99.0405730102765 99.8247338758139 99.9653045951157 99.9931701470028 99.9986306786374 99.9997130227938 99.9999357760512 99.9999846174507 99.9999963714342 99.9999991687112 99.9999998099151 99.9999999577979 99.9999999947024
96.3653267395809 99.4328245690718 98.6985620610889 99.7735125353541 99.9574458412556 99.9920953389464 99.9985144527951 99.9997089956981 99.9999393046817 99.9999864871033 99.9999970492591 99.9999993771991 99.9999998701283 99.9999999738512 99.9999999970872
95.624016282421 99.4016310971873 98.8915819188986 99.815188757716 99.9663413646046 99.9939134083092 99.9988804690834 99.9997849063048 99.9999559072023 99.9999903332059 99.9999979183046 99.9999995662581 99.9999999101619 99.9999999819911 99.9999999979886
95.7643866091716 99.2910933390428 98.5800063614849 99.7269889599743 99.9431235095989 99.988279155668 99.9975538914813 99.9994678449592 99.9998767731948 99.9999695911255 99.9999926419275 99.9999982790767 99.999999602608 99.9999999115092 99.9999999889924
95.5903470907151 99.3862362194846 98.7695390920241 99.7811698607938 99.9566801914898 99.9914166326239 99.9982619815425 99.9996298347963 99.9999155648249 99.9999793582282 99.9999950240462 99.9999988323339 99.9999997275626 99.999999938177 99.9999999920726
96.4119975365317 99.4490681660838 98.2107756724574 99.6752888389443 99.9343085308549 99.9866903041454 99.9972415831446 99.9993982573015 99.9998593492152 99.9999648010629 99.9999913363176 99.9999979341482 99.9999995137312 99.9999998896677 99.9999999860294
96.6678766476514 99.4908783907413 99.0359316555187 99.8339997643125 99.9679649916696 99.9937984449419 99.9987737073905 99.9997450161155 99.9999432314912 99.9999864556294 99.9999968166825 99.9999992728977 99.9999998351832 99.9999999637372 99.999999995519
95.0720410299012 99.1937022135471 98.4785774538038 99.7017663918605 99.936976600797 99.9868590305587 99.9972273427898 99.9993905334693 99.9998574488756 99.9999644806491 99.9999913258177 99.9999979540708 99.9999995232737 99.9999998929821 99.9999999865678
95.7548850862583 99.3093174838267 98.7567109344376 99.7684353924592 99.9523477034697 99.9902669896315 99.9979806938372 99.9995620147815 99.9998986221207 99.999974922606 99.999993897247 99.9999985590517 99.9999996627875 99.9999999236157 99.999999990276
95.8315606464324 99.3100739577952 98.7747267982742 99.7580434253062 99.9473923110281 99.9886790336338 99.9975315519984 99.9994391611577 99.9998642661836 99.9999649503968 99.9999911085269 99.9999978168237 99.9999994689268 99.9999998754985 99.999999983589
96.0495059122082 99.3267375742993 98.5026095477272 99.7223792191922 99.9438968996337 99.9887745416231 99.9977226059746 99.9995177251559 99.9998911511556 99.9999737840327 99.9999938044589 99.9999985842684 99.9999996802383 99.9999999303271 99.9999999915333
95.6755979505283 99.2562737853281 98.3700660369022 99.6640475712691 99.9253513695735 99.983594248475 99.9963496707421 99.9991521803896 99.9997903427488 99.9999447897287 99.9999857495548 99.9999964474941 99.9999991284847 99.9999997944708 99.9999999728962
95.458692553902 99.2505994345063 98.3127541015099 99.6662946908292 99.9278594047468 99.9846216667652 99.9966878225931 99.9992576773503 99.9998231318728 99.9999551337897 99.999988850969 99.9999973271369 99.9999993675243 99.9999998561806 99.9999999817445
95.9510394320596 99.3228962334043 98.6836599243125 99.7491491020912 99.94864122724 99.9896410769723 99.9978947971936 99.9995554705855 99.9999003601029 99.9999762380675 99.9999944523356 99.9999987496875 99.9999997222251 99.9999999404936 99.9999999929127
95.620667740358 99.1880315547223 98.489635422979 99.6902520893982 99.9328206235454 99.9856753617062 99.9969292822271 99.9993169181213 99.9998389429507 99.999959681253 99.9999901381849 99.9999976765671 99.9999994620707 99.9999998803371 99.9999999852142
96.0638653749968 99.3334432745991 98.9714777554225 99.8055798693698 99.9605363895424 99.9921001707411 99.9984045053001 99.999665306774 99.9999254215898 99.9999822962714 99.9999958804951 99.9999990737649 99.9999997940654 99.9999999558138 99.9999999947145
95.7039680867123 99.3521899435807 98.8732950481053 99.7913722704353 99.9556007672805 99.9904733711982 99.9978953421491 99.9995078540821 99.999876215647 99.9999665660976 99.9999910775537 99.9999976802301 99.9999994018167 99.9999998507413 99.9999999789057
95.6242527905135 99.3308908432683 98.6433041783249 99.7452134171075 99.9474658549839 99.9892255998379 99.9977507888935 99.9995085130296 99.9998852554342 99.9999713465141 99.9999929575532 99.9999983206935 99.9999996027097 99.9999999090993 99.9999999883014
96.1471679887145 99.3910756665405 98.5838435516412 99.7433350848776 99.9490974085811 99.9899931851203 99.9980022437706 99.9995842263094 99.9999077502026 99.9999781248406 99.9999949046452 99.9999988524361 99.9999997432486 99.9999999446289 99.9999999933321
96.0537613511892 99.3634096063623 98.5034736979573 99.7239955423602 99.9449809447796 99.98916639663 99.9978414929272 99.9995525002096 99.999901317901 99.9999767994436 99.9999946546811 99.9999988114897 99.9999997386095 99.9999999446462 99.9999999934853
95.3134465761477 99.317044630214 98.9876130100381 99.8117573985554 99.9611864079653 99.9920136531735 99.9983227375755 99.9996301097083 99.9999126678046 99.9999779135978 99.999994488463 99.9999986603106 99.999999676235 99.9999999239504 99.9999999898779
95.7566083868792 99.3938867333383 98.8570815002053 99.7919833964306 99.9581963802117 99.991585870844 99.998261733986 99.9996226476773 99.999912127987 99.9999780371465 99.9999945829782 99.9999987016832 99.9999996892455 99.9999999280253 99.9999999905721
96.1011511615127 99.3720753194312 98.9185016377537 99.8008452449026 99.9602680824539 99.9921328034874 99.9984222202253 99.9996695982954 99.9999262909513 99.9999824428605 99.9999958917152 99.9999990680414 99.9999997906071 99.9999999544021 99.9999999944347
95.4732132841675 99.2860472873754 98.6842556605908 99.7526391883909 99.948474245779 99.9893160719593 99.9977442424285 99.999500287149 99.9998817033698 99.9999700651341 99.9999925531491 99.9999982042887 99.9999995719488 99.999999901425 99.9999999872652
95.9099831831491 99.3216909581909 98.6444362905176 99.736748523224 99.9451712081568 99.9887399124837 99.9976667106091 99.9994978566101 99.999885236177 99.9999720818422 99.9999933489202 99.9999984711545 99.9999996531262 99.999999924257 99.9999999907945
96.222381718401 99.3310152925338 98.9898702473066 99.8097397408912 99.9612124735452 99.9921776835361 99.9984088987944 99.9996629817243 99.9999241074986 99.9999817790038 99.9999957093186 99.9999990221218 99.9999997797189 99.9999999520206 99.9999999941649
95.8699319963604 99.2649841141252 98.4522171460285 99.6980364821163 99.9363465814287 99.9867701832318 99.9972279195153 99.9993957601762 99.9998600952637 99.9999655305809 99.9999916864203 99.9999980646543 99.9999995562719 99.9999999020325 99.9999999879648
96.2223071215993 99.3366562839913 98.7265764255494 99.7661503385402 99.9529240705979 99.9905931635127 99.9980991853843 99.9995987108291 99.9999097527414 99.9999783339709 99.9999948970929 99.9999988368972 99.9999997381322 99.999999943055 99.9999999931026
95.7645709244805 99.2924741381267 98.9917664225006 99.8019256289787 99.9575079051271 99.990958958825 99.998049317218 99.9995604259809 99.999894378308 99.9999728963107 99.9999931557591 99.9999983217346 99.999999592324 99.9999999041209 99.9999999872842
96.1405277567739 99.4033281022911 98.9835836297023 99.8138285798406 99.9629289878739 99.99266671966 99.9985267080032 99.9996908856563 99.9999308099684 99.9999834412989 99.9999961008465 99.999999109195 99.9999997978419 99.9999999555454 99.999999994508
95.7669574333748 99.2741194200345 98.5611766573859 99.7132311919015 99.9386644492107 99.9870683775223 99.9972497860725 99.9993919614671 99.9998572019586 99.9999643209416 99.9999912706764 99.9999979392012 99.9999995206573 99.9999998927588 99.9999999866378
96.1659902763826 99.3741563478129 98.5667454912652 99.7282172577584 99.9452090814144 99.9891233998064 99.9978220368138 99.9995479798021 99.9999004595048 99.9999766699698 99.9999946524856 99.999998820666 99.9999997429621 99.9999999462667 99.9999999937862
95.788562412227 99.4152004288915 98.7053093312967 99.7625895878873 99.9505900926325 99.9896046710991 99.9977356668274 99.9994779314776 99.9998703465194 99.9999653796198 99.99999086913 99.9999976606332 99.9999994037628 99.9999998536336 99.9999999796975
96.4381214634133 99.4116062585417 99.0459194118066 99.829367335514 99.9671608862314 99.9937525677735 99.9987979077134 99.9997595664022 99.9999488453594 99.9999883852945 99.9999974124454 99.9999994427019 99.9999998809296 99.9999999754211 99.9999999971739
95.5759747496253 99.307405397169 99.0281310058519 99.8238513749439 99.9657747330689 99.9934348776496 99.9987298399251 99.9997445288322 99.9999454335346 99.9999875874838 99.9999972336552 99.9999994039153 99.9999998730088 99.999999973801 99.9999999969871
95.7545544174272 99.2432456592547 98.3183067459484 99.6547050269388 99.9232015778637 99.9831689061771 99.9962783150872 99.9991456534597 99.9997918318679 99.9999460963666 99.9999863527241 99.9999966746103 99.9999992018452 99.9999998164916 99.9999999764949
95.5087453858416 99.1806502536668 98.8473518590108 99.7517685010711 99.9433585094509 99.9872682676083 99.9971147028417 99.9993216862452 99.9998308241886 99.9999551566144 99.9999883649392 99.999997089601 99.9999992818056 99.9999998299346 99.9999999774421
95.8825589651893 99.3650731390213 98.1419886776504 99.6524941152312 99.9290075398895 99.9856308067769 99.9970462970583 99.9993663844304 99.9998550828042 99.9999646167693 99.9999915257793 99.9999980408379 99.999999551901 99.9999999014765 99.9999999879366
95.6029546975704 99.3241623338762 98.5466665227255 99.724700451999 99.943164204158 99.988393676839 99.9975985476835 99.9994819341971 99.9998809594802 99.9999708153987 99.9999929756266 99.9999983640498 99.9999996228686 99.9999999160758 99.9999999895467
96.3563173809887 99.4672063918531 98.6112638332172 99.7542650547432 99.951594130934 99.9904459126127 99.9980721133509 99.9995907730475 99.9999069439454 99.9999773315759 99.9999945633819 99.9999987346976 99.9999997085088 99.9999999350504 99.999999991902
96.3501244968322 99.409893307466 98.9604822012514 99.81369801784 99.9643400852457 99.9932668541769 99.9987196723913 99.9997469588292 99.9999468913056 99.9999881236449 99.9999973987087 99.9999994496607 99.9999998850902 99.9999999768323 99.9999999974162
96.5104314462623 99.4698523401195 98.7940192394294 99.7934336127057 99.9616114779859 99.9929212042392 99.9986792548227 99.9997429660101 99.9999467368256 99.9999882133717 99.9999974404466 99.9999994620271 99.9999998881608 99.9999999774992 99.9999999974902
96.3487270053414 99.3962435385659 98.7046848556172 99.7613091056294 99.9524423131388 99.9906244507985 99.9981332812025 99.9996128369842 99.9999145923887 99.9999799123054 99.9999953677234 99.9999989672598 99.9999997727382 99.999999951729 99.9999999943032
95.7350125511383 99.36331431489 98.6839613023911 99.7638374635096 99.9538006619604 99.9910247324824 99.9982331104183 99.9996366220591 99.9999203654395 99.9999813601993 99.9999957150893 99.9999990454858 99.9999997894978 99.9999999550329 99.9999999946336
95.5449943249274 99.2735218968381 98.7596434798318 99.7557658211907 99.9479503874387 99.9890367397959 99.9976698641365 99.9994842192752 99.9998786236074 99.9999695706244 99.9999925187955 99.9999982202816 99.9999995818864 99.9999999051378 99.9999999879462
96.3093516240633 99.4674596175783 98.8990226236745 99.8217406012611 99.9681290724011 99.9943362781877 99.9989811430817 99.9998081737684 99.9999614872914 99.9999917281959 99.9999982555784 99.9999996435843 99.9999999278755 99.9999999858532 99.9999999984639
95.9588585912139 99.3820777707139 99.0371479553308 99.8267360008053 99.9659153908578 99.993354982094 99.998687678344 99.9997299089747 99.9999408029412 99.9999861437356 99.9999968120416 99.9999992888538 99.9999998424434 99.9999999661524 99.9999999959197
96.2643146055524 99.49714143964 99.1921609526149 99.8643486077775 99.9743904626651 99.995114312672 99.9990419659929 99.9998012133931 99.9999556518902 99.9999893585424 99.9999974761165 99.9999994155289 99.9999998649729 99.999999969556 99.9999999961126
95.7226498971317 99.2959508726938 98.6066960749823 99.737306265539 99.9459532852386 99.9889537080148 99.9977107891402 99.9995034480906 99.999885085376 99.9999715798357 99.9999930906986 99.9999983706424 99.9999996196231 99.9999999140573 99.9999999891108
96.5344178313982 99.4571344952299 99.0187360688643 99.8283828600801 99.9670179011735 99.9936723019137 99.9987649677445 99.9997474177156 99.9999448240606 99.9999870991269 99.9999970306928 99.9999993359249 99.9999998525126 99.9999999681634 99.9999999961393
95.4479023599368 99.2151811689859 98.7886906732948 99.7552163963207 99.9468740389065 99.9886069864675 99.9975305910082 99.9994431585484 99.9998665093871 99.9999659232603 99.9999914688794 99.9999979346782 99.9999995059526 99.999999886024 99.9999999852453
97.2990478351438 99.6298041572639 98.8748626837606 99.8233401981991 99.9670779509831 99.9936487603258 99.9987172654507 99.999725279351 99.9999367843518 99.9999843759089 99.9999961842418 99.9999990943833 99.9999997865618 99.9999999514925 99.9999999938264
95.7868501146644 99.3498901905817 99.0220149332605 99.8186041041842 99.9634031991431 99.9926713216676 99.9985137204476 99.9996852019854 99.9999289430143 99.9999828603085 99.9999959324461 99.9999990620753 99.9999997852737 99.9999999522389 99.999999994018
96.346032372692 99.4173245485327 98.940412192103 99.8099648909212 99.9625933683215 99.9926857204867 99.9985475364076 99.9996986166378 99.9999332710541 99.9999842040795 99.9999963211268 99.9999991685367 99.999999813548 99.9999999594631 99.9999999950566
95.4534709198466 99.2782221668835 98.5083395532698 99.7222624002497 99.9438283690342 99.9887877639399 99.9977417147124 99.9995264459 99.9998944700977 99.9999749603754 99.9999941829576 99.9999986952247 99.9999997114358 99.999999938441 99.9999999926993
96.3187996889115 99.4027543618676 98.719256750371 99.7572004657041 99.948450241864 99.9890451539272 99.9976247299133 99.9994588365284 99.9998680862679 99.9999655946731 99.9999911672498 99.9999977994289 99.9999994578798 99.9999998710333 99.9999999827488
95.5614590618182 99.274080253011 98.8346238631091 99.7842124009625 99.9564328125769 99.9912617399322 99.9982222931157 99.9996216909982 99.9999141480721 99.9999791910343 99.9999950446593 99.999998855847 99.9999997383998 99.9999999420534 99.9999999928
95.6106460456181 99.2877037132446 98.6877029638732 99.7541890824598 99.9485936707311 99.9893324542193 99.9977513381308 99.9995038686341 99.9998831585196 99.9999706003161 99.9999927268801 99.9999982554611 99.9999995861717 99.9999999051245 99.9999999877974
95.5582632401306 99.2216321537405 98.7981104886195 99.7643267395421 99.9509716999039 99.9899680093072 99.9979338159164 99.9995588794777 99.9999001596952 99.9999759818928 99.9999943489441 99.9999987182851 99.9999997132972 99.9999999382629 99.9999999926073
96.6657466131522 99.5284081645865 98.8674709163614 99.8200712766056 99.9678783392674 99.994259602387 99.9989521316249 99.9997988785229 99.999958673431 99.9999908965237 99.9999980265015 99.999999584699 99.9999999132788 99.999999982412 99.9999999980108
96.1887252068492 99.4314323575347 98.923443534951 99.8110266194769 99.9642431718642 99.9933021069613 99.998728172327 99.999748358813 99.9999469481351 99.9999880458546 99.9999973536541 99.9999994328589 99.9999998792753 99.9999999751362 99.9999999971444
95.3645606927083 99.2841750844994 99.0233079282675 99.8159517218568 99.962156628042 99.9922761817121 99.9983997524346 99.9996531607075 99.9999197819244 99.9999801638491 99.999995169679 99.9999988560937 99.9999997308776 99.9999999384625 99.9999999920475
95.9548380204052 99.352780295854 98.9873013543636 99.8224397496783 99.9663074220116 99.9936850218918 99.9988063919718 99.999765094354 99.9999508533721 99.9999890338325 99.9999976014169 99.99999949257 99.9999998938559 99.9999999785078 99.9999999975832
95.5065718798404 99.2759464026231 98.9559744837879 99.8030111844878 99.9596250438721 99.9918259634324 99.9983296102145 99.9996446692715 99.9999196352015 99.9999806283568 99.9999954181161 99.9999989504902 99.9999997621648 99.9999999478201 99.9999999935867
95.6960612801259 99.3750600015755 99.1853915998273 99.8554704047502 99.9714742096362 99.994371423039 99.9988632680348 99.9997588939859 99.9999452067384 99.9999866346265 99.9999967778506 99.9999992419814 99.9999998213293 99.9999999589014 99.9999999946085
96.5108563457996 99.5020230334675 98.9269182275771 99.8166461460306 99.9644710761445 99.9930694817839 99.9986109886695 99.9997064226928 99.9999333775504 99.9999837656308 99.9999960946961 99.9999990857514 99.9999997868928 99.999999951787 99.9999999938452
96.1856913909129 99.3353737389362 98.6749950547112 99.738685478424 99.9450552095058 99.9886040047601 99.9976208253431 99.9994837648121 99.999881098321 99.9999708640003 99.999993013247 99.999998383443 99.9999996317842 99.9999999192841 99.9999999901755
95.5486335493165 99.3254542332926 98.2390311215566 99.6746780351041 99.9330055562249 99.9862921134749 99.9971456122814 99.9993780550347 99.9998553033932 99.9999640315264 99.9999912136832 99.9999979218388 99.9999995134065 99.9999998900312 99.9999999860717
95.953753867242 99.4087937146062 98.9811188684574 99.8243294088963 99.9666736726536 99.9937228001179 99.9987995543903 99.9997602212213 99.99994893728 99.9999883782313 99.9999973990127 99.9999994350727 99.9999998780866 99.9999999744242 99.999999996988
96.1457163635177 99.354178991985 99.0126123813301 99.8156753228372 99.962645019147 99.9924784866081 99.9984644486094 99.999672208246 99.9999253515165 99.999981823791 99.9999956448877 99.9999989864771 99.9999997660778 99.9999999476354 99.999999993412
95.9304664285718 99.3102509437357 98.7806706395798 99.7764390163401 99.9557297492682 99.9913606958296 99.9983027059935 99.9996536072802 99.999924973507 99.999982704604 99.9999960980743 99.999999150282 99.9999998175033 99.99999996217 99.9999999956498
96.4840962686718 99.4259229366702 98.7625453376005 99.7763498099292 99.9555267684065 99.9912217808967 99.9982428990737 99.9996325736859 99.9999180698294 99.9999804802635 99.999995428477 99.9999989618946 99.999999766602 99.9999999491872 99.9999999938102
95.9162391111164 99.3560994485779 98.9649137530029 99.8089661582027 99.9617440052761 99.9923930817282 99.9984671634232 99.9996775504505 99.9999277150319 99.9999826952741 99.9999959277885 99.9999990703578 99.9999997896825 99.9999999538667 99.9999999943228
96.4478651419767 99.4784749051492 99.0409142140171 99.8419433522983 99.9718273973054 99.9950198204517 99.9991070633466 99.9998331173418 99.9999667609064 99.9999929219009 99.9999985196751 99.9999997004024 99.9999999398094 99.9999999882954 99.9999999987379
95.9012662289715 99.3769025756286 98.4444575346629 99.7028877048879 99.9374552094709 99.9868839796125 99.9971997239894 99.9993730943763 99.9998500216684 99.9999616479112 99.9999903561527 99.9999976496356 99.9999994340271 99.9999998684496 99.9999999828466
95.6486376431708 99.3778430719014 98.8437590932646 99.8054759142629 99.9642897402742 99.9935153858087 99.9988072056791 99.9997711088939 99.9999532298496 99.999989797084 99.9999978160263 99.9999995476057 99.9999999072021 99.9999999815535 99.9999999979615
96.1124443957005 99.38607209591 98.3122408339233 99.6896714341468 99.9367075578074 99.9871811089501 99.9973600004458 99.9994318505801 99.9998695184586 99.9999679866361 99.9999922884966 99.9999982047263 99.999999586265 99.9999999082258 99.9999999886393
95.9347106585931 99.300709911373 98.8027631065335 99.7671421929445 99.9508227010122 99.9897348169454 99.9978380484198 99.9995258691707 99.9998894873981 99.9999725604743 99.9999933209012 99.9999984275431 99.9999996345138 99.9999999179771 99.9999999897041
96.5314319704821 99.4749185570135 98.9221989335608 99.8127724622823 99.9625774103191 99.9924649229251 99.9984485522736 99.9996629363721 99.9999214973423 99.9999803845065 99.999995169189 99.9999988425263 99.9999997247228 99.9999999364921 99.9999999917511
96.039417319328 99.3162273938278 98.9509696310059 99.7970409622481 99.9576135607155 99.991238784689 99.9981672708104 99.9996004997795 99.9999073116226 99.9999770719084 99.999994431545 99.9999986902613 99.9999996951218 99.9999999313651 99.9999999913251
95.8242844344443 99.3008317525989 98.7369135730201 99.7510170514442 99.9464612617963 99.9885950754887 99.9975398593671 99.9994460035725 99.9998671155643 99.9999660038963 99.9999914603524 99.9999979228892 99.9999995011092 99.9999998843684 99.9999999849751
96.1144455682717 99.3503411481596 98.548628314016 99.7223499406763 99.9419355715082 99.9879396440502 99.9974556730596 99.9994382483612 99.9998675971328 99.9999666675561 99.9999917554111 99.9999980252799 99.9999995330464 99.9999998935005 99.9999999864192
96.0677770745062 99.4105107705143 98.8275086899823 99.7993120916553 99.9620868483988 99.9928613200633 99.9986331331391 99.9997259397026 99.9999413227797 99.9999865612829 99.9999969733399 99.9999993385062 99.9999998565909 99.9999999698107 99.9999999964422
96.083981387847 99.3987342333904 98.9432277212177 99.8093572949023 99.962401443797 99.9926207513095 99.9985308468641 99.9996939273995 99.9999319652851 99.9999838235831 99.9999962157396 99.9999991401883 99.9999998061786 99.9999999575922 99.999999994793
95.8160161566859 99.3082946502686 98.4164128761945 99.6769438471638 99.9287517620642 99.9844500907091 99.9965598266047 99.9992075251924 99.9998056965775 99.9999492357416 99.9999869987111 99.9999967880595 99.9999992158379 99.9999998163886 99.9999999759478
94.7873264272994 99.2241404578462 98.8833638195494 99.7914960466126 99.9572756906247 99.9913122753749 99.9982058775979 99.9996118172137 99.9999102872301 99.9999778205835 99.9999945986081 99.9999987204159 99.9999996988222 99.9999999311061 99.9999999910973
96.6226726500499 99.477813919537 98.9629955540782 99.8165257560961 99.9635158485806 99.9927375753234 99.9985282648489 99.9996869594226 99.9999288328877 99.9999826758405 99.9999958486548 99.9999990334381 99.9999997767635 99.9999999499885 99.9999999937065
96.5035919204734 99.3906601069623 98.5929954369778 99.7291067831681 99.9432975389993 99.9882668256638 99.9975499917411 99.9994673043439 99.999876863177 99.9999696788328 99.9999926844871 99.9999982952649 99.9999996086454 99.9999999135021 99.9999999893715
96.0868895952891 99.3843106519154 98.6854925614208 99.7518508598936 99.948374967098 99.9892742878844 99.9977282878532 99.9994952774676 99.9998801112257 99.9999695443565 99.9999923851662 99.9999981521154 99.9999995561471 99.9999998968867 99.999999986529
96.5914463916132 99.487132448668 99.0190337239921 99.8333266009673 99.9682239135675 99.9939371927238 99.9988156271311 99.9997573550525 99.999946775073 99.9999874791226 99.9999970983239 99.9999993477138 99.999999853782 99.9999999682779 99.9999999961335
96.4713719845193 99.4527026002709 98.5753889381777 99.7530765605008 99.954227173125 99.9916241470304 99.9984530294331 99.9997029417677 99.9999393630723 99.9999868035329 99.99999718783 99.9999994221905 99.9999998828309 99.9999999771311 99.9999999975461
96.3904680837187 99.4614003478321 98.5687242456976 99.7480876931651 99.9494374988752 99.9898342741028 99.9979070161684 99.9995467820788 99.9998948684972 99.999973883597 99.9999936109537 99.9999984828438 99.9999996432069 99.9999999188208 99.9999999896281
96.0596259709794 99.3655279319887 98.4108572568982 99.6935688703016 99.9357588349603 99.9866510490185 99.9971854450493 99.999380155021 99.9998544544624 99.9999635355868 99.9999910338485 99.9999978683767 99.9999995000553 99.9999998870857 99.9999999857705
96.3528453116476 99.457207652593 98.5726328145818 99.7532110262959 99.9523612837247 99.9908146151179 99.9981899247031 99.99962580109 99.9999172019986 99.999980377103 99.9999954248474 99.9999989667178 99.9999997682773 99.9999999498077 99.9999999939202
95.8600275071276 99.2665992922073 98.8391464914438 99.7593257153192 99.946410607872 99.9882020080089 99.9973685256659 99.999389460319 99.9998492396351 99.9999603092076 99.9999897465069 99.9999974422242 99.9999993674991 99.99999984985 99.9999999799757
96.3482276046068 99.4155367845422 98.8715899818682 99.8002392467085 99.9617796184164 99.9927472339729 99.9986051503867 99.9997204292811 99.9999403027467 99.9999863837271 99.9999969504362 99.9999993392117 99.9999998580651 99.9999999705424 99.9999999965972
95.8143750685084 99.3076802395772 98.9351032414142 99.794867218003 99.9577186824094 99.9914076664178 99.9982363457921 99.9996240293414 99.9999148249617 99.9999794336759 99.9999951309623 99.9999988867133 99.9999997477441 99.9999999449257 99.9999999932833
96.0663628854522 99.3690221857693 98.869810789435 99.7877789864926 99.9562076361104 99.9910118863002 99.9981265174723 99.9995917443101 99.9999050632457 99.9999764049275 99.9999942287096 99.9999986291945 99.9999996772856 99.9999999263779 99.9999999905466
95.7950397603565 99.3119709590795 98.3976415997287 99.689138975789 99.9341080788589 99.9861574261323 99.9970610811181 99.9993481700329 99.9998460562892 99.9999612217979 99.9999904201028 99.9999977107379 99.9999994603324 99.9999998773484 99.9999999844371
95.8450514844789 99.3776740841224 98.3650053756508 99.691923000359 99.9356217782728 99.9865970118984 99.9971508912429 99.9993650725157 99.9998486152272 99.9999613766757 99.9999903065842 99.9999976448035 99.9999994327928 99.9999998684975 99.9999999829015
95.682491050817 99.270946208779 98.7950218898233 99.7631084392857 99.9498687436112 99.9895145305166 99.9977822101301 99.9995116587229 99.9998856323649 99.9999714613127 99.9999930140513 99.9999983461188 99.9999996128735 99.9999999125592 99.9999999889344
96.0804128468046 99.4345651311878 98.7832472968659 99.787233743225 99.9587963625755 99.9920297106946 99.9984283626224 99.9996747530744 99.999928018033 99.9999829452008 99.9999960229603 99.9999990995365 99.9999997978349 99.9999999559759 99.9999999946251
95.8810349146497 99.2928838217225 98.6194148935808 99.7204899205996 99.9388105747551 99.9867845868058 99.9971170298596 99.9993466601109 99.9998427375246 99.9999597212624 99.999989896064 99.9999975550055 99.9999994157906 99.9999998658637 99.9999999827802
95.7497275823502 99.2533267106966 98.718117868095 99.7459280917934 99.9450733716448 99.9882550943296 99.9974625382357 99.9994289273 99.9998633215747 99.9999651655307 99.9999912944625 99.9999978959199 99.9999994982455 99.9999998845843 99.9999999851259
96.9633369981264 99.558255890806 99.1727670866936 99.8672305519403 99.976546781163 99.9958588159118 99.9992542085155 99.9998595309727 99.9999717317468 99.9999939047067 99.9999987067161 99.9999997339669 99.9999999455028 99.9999999891729 99.9999999988002
96.231815813073 99.4574300417526 98.9062534176715 99.8167172968516 99.9663159029579 99.9938284849746 99.9988506931274 99.9997758067159 99.999953302539 99.9999895915201 99.9999977190856 99.9999995150906 99.9999998977568 99.9999999790697 99.9999999976094
96.1272050179923 99.3293535918481 98.6535071588902 99.7334146846328 99.9430024045664 99.9879198321692 99.9974027166654 99.9994168725841 99.9998604465357 99.9999643695005 99.9999910673785 99.9999978330372 99.9999994809007 99.999999880158 99.9999999845049
95.7787241721048 99.2635313631556 98.3978099145364 99.6934609945061 99.9371074963011 99.9872832686012 99.997416535205 99.9994539514143 99.9998775496579 99.9999707903929 99.9999931908093 99.9999984699173 99.9999996616701 99.9999999280007 99.9999999915216
96.3538948407409 99.4221002916909 99.0193717586874 99.8326818545138 99.9689019336314 99.9942763494043 99.9989324697949 99.9997923839324 99.999956981727 99.9999904794924 99.9999979313575 99.9999995649156 99.9999999093425 99.9999999817088 99.9999999979477
96.0892547576717 99.4945899031535 99.0814559305852 99.8516138716949 99.9727547636552 99.994929915451 99.9990218538484 99.9997999811706 99.999955923063 99.9999895413773 99.9999975450027 99.9999994377414 99.9999998710462 99.999999971154 99.9999999963338
96.0840350932437 99.4432000876003 99.1258020757138 99.8529974652156 99.9725777926464 99.9948744728083 99.9990210452359 99.999803001255 99.9999575189634 99.9999901683152 99.9999977564727 99.999999501348 99.9999998896035 99.9999999761596 99.9999999970956
96.3005285010353 99.4063535487482 98.8169947433359 99.774266187448 99.9528241870486 99.9901581955669 99.9979052260275 99.9995326479199 99.9998884886447 99.9999715243231 99.9999928389002 99.9999982524504 99.9999995772183 99.999999901197 99.9999999870076
96.118061270739 99.3448129340753 98.6804508194884 99.7448247851314 99.946358103404 99.9888138119415 99.9976373113911 99.9994785925075 99.9998773548716 99.9999692092673 99.999992407671 99.9999981867208 99.9999995721154 99.9999999024942 99.9999999875566
95.5938034740515 99.2798735721136 98.7319653855769 99.7591723055147 99.9504519003521 99.9899111232112 99.9979246358302 99.9995551442335 99.9998985735395 99.9999753474823 99.9999941215361 99.9999986433543 99.9999996906054 99.9999999317992 99.9999999915958
95.8230403759891 99.300006600029 98.5973332503844 99.7288148643229 99.9428534198773 99.9880273439178 99.9974459876198 99.9994299972918 99.9998641500961 99.9999653940658 99.9999913335303 99.9999978985274 99.9999994951835 99.9999998831135 99.9999999848068
96.4560872743407 99.4498429807013 98.931168837805 99.8203146538938 99.9669524389985 99.9939754565258 99.9988907543062 99.9997870470726 99.9999565034561 99.9999905138937 99.9999979710349 99.9999995801134 99.9999999140633 99.9999999829775 99.9999999981339
96.1587489194557 99.3881327682232 98.5996990035804 99.7537915996799 99.9537004568465 99.9914160427194 99.9983971353673 99.9996886631174 99.9999357493052 99.9999858698427 99.9999969582133 99.9999993681631 99.9999998706369 99.9999999744684 99.9999999972266
96.0324391971267 99.3644940584292 99.0425940475912 99.8241505957209 99.9651716163933 99.993180399513 99.9986497080622 99.9997217756927 99.9999390036334 99.9999857295306 99.9999967209409 99.9999992701489 99.9999998388841 99.9999999655546 99.9999999958769
96.5424362875513 99.4731771454303 98.9965412170551 99.8308876819058 99.9682385575175 99.994003389894 99.9988403540458 99.9997637010393 99.9999483620516 99.9999878900798 99.9999971996573 99.9999993698645 99.9999998590497 99.9999999693398 99.9999999962505
96.670601638963 99.4589508539193 99.0878312732097 99.8416020657077 99.9691621793659 99.994001566029 99.9988092473163 99.9997518566462 99.9999446672962 99.9999867838151 99.9999968893292 99.999999288 99.9999998380934 99.9999999642125 99.9999999955434
96.3777338885993 99.3999791762981 98.3933658478308 99.7091076851031 99.9419239379339 99.9885062210829 99.9976935376667 99.9995166603341 99.9998920232519 99.9999742551788 99.9999939769611 99.9999986377508 99.9999996960041 99.9999999345973 99.9999999921802
95.9856612804921 99.324526607964 98.7765679330902 99.7652533653177 99.9513044269101 99.9900164059398 99.9979335798887 99.9995544150105 99.9998978094695 99.9999750184487 99.9999940102857 99.9999986106514 99.9999996817832 99.9999999296272 99.9999999913119
96.414007190135 99.4218393526746 97.5632596347163 99.5613230485943 99.9148775613483 99.9837408597139 99.9968712819692 99.999373337178 99.9998666152626 99.9999697541012 99.999993291815 99.9999985663822 99.9999996987205 99.9999999391583 99.9999999932555
95.6636092525176 99.2872205404421 98.8354955551618 99.7775237718298 99.9538901610841 99.9905271785201 99.9980248635118 99.9995700435051 99.9999002031359 99.9999752623768 99.9999939732582 99.9999985775311 99.9999996669146 99.9999999246132 99.9999999904083
95.6222715316734 99.3501743314042 98.8763092616836 99.7934559731452 99.9579319807373 99.9914396586666 99.9982154709296 99.9996095042974 99.9999084627515 99.9999769950704 99.9999943019851 99.9999986304304 99.9999996719114 99.9999999240487 99.9999999900736
95.5100254907602 99.2912307798216 98.8299907881788 99.770757776083 99.9517121365972 99.9899306360626 99.9978720002576 99.9995310219476 99.9998898901677 99.9999724075078 99.9999932064668 99.9999983800262 99.9999996171063 99.9999999125922 99.9999999887873
96.3913276083634 99.4386644936065 98.6972757086018 99.7785544920584 99.9591716250429 99.9925441816174 99.9986238838756 99.9997350937519 99.9999457214692 99.9999881287106 99.9999974551625 99.9999994728233 99.9999998921814 99.9999999787047 99.9999999976797
95.8694114062024 99.3637413855719 99.0942068795449 99.8341320848986 99.9667889564529 99.993384591842 99.9986618617213 99.9997165754859 99.9999358829134 99.9999844747685 99.999996295857 99.9999991401984 99.9999998016649 99.9999999555269 99.9999999943787
96.3787299224703 99.4680491151437 98.2514082510375 99.6997024687679 99.943002091299 99.9892342849787 99.9979281408367 99.9995823875383 99.9999100485761 99.9999792745531 99.9999953094874 99.9999989734793 99.999999777559 99.9999999535156 99.9999999946046
96.7388147266687 99.500219623969 98.9208816824225 99.8096429592571 99.9624939035517 99.992604575764 99.9985110038618 99.9996857651362 99.9999290627476 99.9999828513162 99.9999959184174 99.9999990576033 99.9999997839862 99.9999999521061 99.9999999940434
96.0352639616391 99.2810633191935 98.8163116272864 99.7637116135083 99.9494354418399 99.9893059047162 99.9977195709386 99.9994940110762 99.9998807666242 99.9999701034717 99.999992658122 99.9999982582179 99.9999995926391 99.9999999081556 99.9999999884333
96.2131925900968 99.4966618200012 98.8881051401855 99.8105447491011 99.9631232215783 99.9926930075764 99.998496578716 99.9996713007577 99.9999224809318 99.9999803288753 99.9999950648189 99.999998793487 99.9999997065669 99.9999999307654 99.999999990757
95.5592304898846 99.3052542231473 98.6715917679162 99.7484455926122 99.9477604140955 99.9892163359111 99.9977384113368 99.9995034354587 99.9998836260701 99.9999708594529 99.9999928245216 99.9999982859819 99.999999594721 99.9999999072747 99.9999999880825
96.2549235641412 99.4231495984797 98.8843127564507 99.7928983272135 99.9576753719499 99.9913700140055 99.9982062272544 99.9996099300902 99.9999093459976 99.9999774457227 99.9999944744624 99.9999986870388 99.9999996898687 99.9999999292367 99.9999999909187
95.7474104969887 99.3092876246141 98.8204920935337 99.7705428966218 99.9514296111068 99.9897752910999 99.9978129390549 99.9995107236458 99.9998831754004 99.9999701968117 99.9999925174812 99.9999981761953 99.999999559768 99.9999998971577 99.9999999864676
96.4090440535411 99.4386861207463 98.7397583946936 99.7787013008531 99.9577660405607 99.9920219998106 99.9984730275566 99.9996956748547 99.9999354048468 99.999985356874 99.9999967423039 99.9999992995838 99.9999998507805 99.9999999693385 99.9999999965036
95.9978037649986 99.4068648026277 97.8782510829277 99.6187795044275 99.9250051592952 99.9853880037658 99.9971162531779 99.9994050944616 99.9998691599464 99.9999692737123 99.9999929216498 99.9999984234863 99.9999996535773 99.9999999265932 99.9999999913758
96.7720183668776 99.4779854809993 98.8020413337255 99.7831704576876 99.9560992745717 99.9911059519797 99.998158928647 99.9996001701673 99.9999070810562 99.9999768750413 99.9999943318753 99.9999986516762 99.9999996818885 99.9999999274303 99.9999999906967
96.3034805775024 99.4664371906921 98.4354867107801 99.7288159975459 99.948307426516 99.9901938171187 99.998108290293 99.9996182613097 99.9999177878368 99.9999810737516 99.9999957189781 99.9999990621148 99.9999997967011 99.999999957376 99.9999999950247
96.1918883347599 99.3562486635973 98.6496140511168 99.7446978722384 99.9466050541697 99.9888769688823 99.9976386387758 99.9994756874164 99.9998756322714 99.9999684526226 99.9999921325583 99.9999981018122 99.9999995458663 99.9999998954595 99.9999999865121
96.4655325016312 99.4692928778798 98.5465226705565 99.7523044728493 99.9531788954037 99.9911875938034 99.9983142295304 99.9996623148836 99.9999277692634 99.9999834751876 99.9999962847757 99.9999991906568 99.9999998255305 99.999999963601 99.9999999957748
97.2879222345145 99.6390286390537 99.2067325659122 99.8810152777238 99.9797093410508 99.9965054632567 99.9993805096974 99.9998841865189 99.9999767560707 99.9999949886185 99.9999989345135 99.9999997796729 99.9999999546654 99.9999999909159 99.9999999989816
95.9738979931331 99.3573308172143 98.721281287702 99.769469724434 99.9541430289763 99.9909225670633 99.998177517475 99.9996167629989 99.9999140046992 99.9999793721817 99.9999951373596 99.9999988884072 99.9999997483936 99.9999999448507 99.9999999932377
96.0129794325968 99.3195221421727 98.385349337097 99.6892863717852 99.9359664689779 99.9870000411774 99.9973391258229 99.9994342866088 99.9998723131668 99.9999693424441 99.9999928000633 99.9999983709687 99.9999996367663 99.9999999221692 99.9999999907545
95.252301332578 99.1735333820252 98.3478844377345 99.655261912047 99.9213144308944 99.9822130021622 99.9959144005892 99.9990196815236 99.9997491383959 99.9999315311797 99.9999816586209 99.9999952550082 99.9999987874929 99.9999997029613 99.9999999591322
96.1818005958736 99.3934480816699 98.766467180696 99.7659453868277 99.9511855408001 99.9898498064574 99.9978477495574 99.999521981398 99.9998864860504 99.9999711504375 99.9999927790559 99.9999982461707 99.999999576989 99.9999999014197 99.9999999870577
96.4254979498642 99.4322423374994 98.6353207884225 99.7515511764904 99.9486416410417 99.9893867710335 99.9977594143249 99.9995031808871 99.9998820876016 99.9999700458715 99.999992506972 99.9999981807934 99.9999995627137 99.9999998984037 99.9999999867311
96.4574751607793 99.4125781472972 98.7025610108081 99.7552729077666 99.9484757442759 99.9891595950084 99.9976742503446 99.9994765817317 99.999874071816 99.9999676166568 99.9999918121813 99.999997994346 99.9999995149014 99.9999998868438 99.9999999852011
95.7334703492854 99.2557955983925 98.0221621937979 99.6047909359242 99.9153353295629 99.9821457736883 99.9962040220832 99.999161728535 99.9998035427766 99.9999510731995 99.9999880919191 99.9999972104914 99.9999993574254 99.9999998580322 99.9999999826058
95.4824920352102 99.2621930692781 98.2845386925564 99.667871871229 99.9301315153041 99.9855029198714 99.9969672822219 99.9993398685615 99.9998473735737 99.9999624532906 99.9999909605784 99.9999978999242 99.9999995195203 99.999999894143 99.9999999870273
95.9780411052747 99.363825351391 98.9574266242115 99.8067461477987 99.9611212057755 99.9922322199867 99.9984227013054 99.9996649582699 99.9999240113822 99.9999815667776 99.9999955970857 99.9999989782605 99.9999997646243 99.9999999473858 99.9999999933801
95.900450094172 99.3572737150388 98.4878608592915 99.7084474451271 99.9387777465815 99.9872681829857 99.9973145696704 99.9994091637191 99.9998614707164 99.9999653377884 99.9999914846977 99.9999979769334 99.9999995246687 99.999999892425 99.9999999863876
95.4306840385713 99.2471041262843 98.3464348366831 99.6755525163275 99.9312063101123 99.985627620537 99.9969653016047 99.9993340379735 99.9998446527036 99.9999614090698 99.9999906134213 99.9999977996958 99.9999994905895 99.9999998868009 99.9999999859983
95.4973538784285 99.3880128963008 98.9908951811483 99.8265249087719 99.9666885264521 99.9935752271022 99.9987248953904 99.9997328513097 99.9999398400277 99.9999854436407 99.9999965215204 99.9999991903408 99.9999998120782 99.9999999575731 99.9999999945785
95.2346073686961 99.1944397522265 98.8463538740654 99.7662191530555 99.9491817504217 99.9890856385441 99.9976317945767 99.9994642248215 99.9998710293045 99.9999669180413 99.9999916703358 99.9999979686214 99.9999995103869 99.9999998859661 99.9999999850673
96.2608344287199 99.4242046142875 98.9031261933361 99.8054418060789 99.9619372081574 99.9925442171808 99.9985031077682 99.9996849739556 99.9999289885209 99.9999828314633 99.9999959098243 99.9999990551695 99.9999997819931 99.9999999513949 99.9999999938955
96.1563687680294 99.3740993506222 98.6944440503824 99.7483480840331 99.9477663833207 99.9892924964703 99.9977812335997 99.9995218606507 99.9998904173659 99.9999732322089 99.9999935884423 99.9999985165746 99.999999660809 99.9999999253149 99.9999999908331
95.7156292050374 99.278946109079 98.2102989678674 99.6583798580501 99.930428883675 99.9860961935784 99.9972009988669 99.999416870902 99.9998712024949 99.9999697502576 99.9999930618478 99.9999984722065 99.9999996675614 99.9999999308136 99.9999999920534
96.0813352808828 99.3667995547241 98.5037376583216 99.7164810888316 99.9400711970605 99.9873802504009 99.9972983551765 99.9993941747531 99.9998549732725 99.999962913845 99.9999906821691 99.9999977323384 99.9999994550549 99.9999998736664 99.9999999835915
95.408896868173 99.2905593535452 98.7604753962284 99.7631267358714 99.9512934499642 99.9901175140308 99.9979730236219 99.9995675571939 99.9999018885624 99.9999762798706 99.999994377677 99.9999987122218 99.9999997081238 99.9999999361705 99.9999999921978
95.1494553254925 99.2157828553107 98.8915566055946 99.7790517074381 99.9522709497522 99.9897771794647 99.9977764002726 99.9994948665245 99.9998775840983 99.9999683009159 99.9999919199204 99.9999980009688 99.999999508909 99.9999998833678 99.9999999843551
95.3312871881253 99.2913232856313 98.8793652059124 99.792901266002 99.9586828990097 99.9918592915403 99.9983800562117 99.9996647915443 99.9999262871423 99.999982730643 99.9999960334391 99.9999991190057 99.9999998064201 99.9999999588641 99.9999999951188
96.7857758476575 99.4846266842248 98.6233538817598 99.7625309933618 99.9551238105331 99.9915618408775 99.9983901868572 99.9996787627224 99.9999316193231 99.9999844444501 99.9999965263683 99.9999992493709 99.9999998397221 99.9999999669332 99.9999999962178
96.5378216895929 99.4760714778392 98.3650163733843 99.7049644631093 99.940520541034 99.9879989877423 99.9975233337863 99.9994632769999 99.9998754975045 99.9999690826706 99.9999924458954 99.999998211684 99.9999995808739 99.9999999052505 99.9999999880133
96.7256431813222 99.4991932619572 99.0453487920081 99.8248890189265 99.963616277066 99.9923780396061 99.9983564966341 99.9996261276324 99.9999086382118 99.9999760374698 99.9999937951444 99.999998437596 99.9999996096222 99.9999999057597 99.9999999871599
95.8033178397336 99.3669774972812 98.50027165108 99.727043831863 99.9448272740041 99.9888919422717 99.9977163040427 99.999507914906 99.9998865877595 99.9999720201379 99.9999932096691 99.9999984043165 99.9999996280024 99.9999999163955 99.9999999894775
96.0757434139752 99.4237820568789 98.9728895968604 99.8174181981914 99.9633170634264 99.9926122307317 99.9984767771294 99.9996693559806 99.9999230524154 99.9999807958233 99.999995269191 99.9999988647925 99.9999997291562 99.9999999371913 99.9999999917592
96.4785857357397 99.4185734281135 98.5723083360953 99.7453882001092 99.9509647049063 99.990670399154 99.9982075077888 99.9996415253724 99.9999237398414 99.9999826998836 99.9999961530157 99.9999991736961 99.9999998249732 99.9999999642596 99.9999999959687
95.9071697737702 99.3887496859965 98.6319106585598 99.7488029008015 99.9501493796597 99.9901710433154 99.9980269131643 99.9995862931131 99.9999074159291 99.9999778412148 99.999994786556 99.9999988126339 99.9999997311249 99.999999941209 99.9999999927947
96.0441538830065 99.4199648657753 98.9309287900507 99.8104468696445 99.9617962350089 99.9922438113135 99.9983802217647 99.9996423560122 99.9999150882154 99.9999783354757 99.9999945346496 99.9999986547875 99.9999996705387 99.9999999215752 99.9999999894192
96.5821285481389 99.4955645800309 97.7674370304921 99.6255766161475 99.9313667052831 99.9875463239728 99.9977099754881 99.999560340908 99.9999100285964 99.9999803350424 99.9999957856499 99.999999127588 99.9999998218744 99.999999964936 99.9999999962026
96.0088098897742 99.5010726056174 99.0733182956997 99.8504852899797 99.9724201319748 99.99483528396 99.998998742924 99.9997940074398 99.999954331718 99.9999891010681 99.999997426932 99.9999994067713 99.999999863528 99.9999999693522 99.9999999960981
96.3089167062662 99.4048696977269 98.8119408835946 99.7820019070783 99.957037446217 99.9916361486413 99.9983552863539 99.9996635643221 99.999926811481 99.9999830230273 99.9999961382819 99.999999151022 99.9999998155424 99.999999961323 99.9999999954941
95.9483614196994 99.342133627214 98.5996442328851 99.726301247213 99.941511207201 99.9876238415093 99.9973484014999 99.9994081325688 99.999859354835 99.9999643625826 99.9999911356205 99.9999978669473 99.9999994925196 99.9999998836267 99.9999999850486
95.541491667639 99.2537544809008 98.6209724045433 99.7280739096042 99.9421443703708 99.9878234623196 99.9974094183359 99.9994252005351 99.99986431744 99.9999658785905 99.9999915877328 99.999997994621 99.9999995283176 99.9999998929623 99.9999999864078
95.3965573341476 99.2079510354172 98.5521874891577 99.7137625434759 99.9382433363991 99.9868474121284 99.9971820623029 99.9993713344037 99.9998511127393 99.9999624764343 99.9999907455585 99.9999977957776 99.9999994826378 99.9999998829862 99.9999999852383
95.7114703272431 99.2442941208009 98.6103057211399 99.7132270189996 99.9365350886267 99.9861528022065 99.9969517743935 99.9993028056416 99.9998307132661 99.9999562984234 99.9999889575273 99.9999973089302 99.9999993541274 99.9999998510549 99.9999999808223
96.1721297263722 99.3810206100278 98.7377305596766 99.762024714561 99.9499472486139 99.9894946083252 99.9977470351638 99.999492957312 99.9998778687271 99.9999685191625 99.9999920109341 99.9999980336998 99.9999995205432 99.9999998871674 99.9999999850609
95.3731238471352 99.2445906888299 98.898936943758 99.781673443768 99.9530049377459 99.9899731637295 99.9978300088301 99.9995091522026 99.9998815544426 99.9999694691911 99.9999922519719 99.9999980896619 99.9999995331399 99.9999998894755 99.9999999852218
96.157005230412 99.4312276437251 98.8691088363342 99.8036120118424 99.9622464692196 99.9927405804771 99.9985697546432 99.9997037285262 99.9999342028202 99.9999843249632 99.999996318835 99.9999991602122 99.9999998090963 99.9999999579081 99.9999999947701
96.2516540712744 99.4040462462601 98.3986556146308 99.7009294451055 99.9387187345121 99.9875447345275 99.9974318962943 99.9994467120089 99.9998728767679 99.999968814761 99.999992487248 99.9999982482184 99.9999995967124 99.9999999104205 99.9999999888986
96.5209707766145 99.4248603430125 98.8380272669614 99.7842448520911 99.9571047993534 99.9915827380717 99.9983361722613 99.9996581763361 99.9999254158541 99.9999826650383 99.9999960530939 99.9999991319107 99.9999998116569 99.999999960575 99.9999999954234
95.6106642618194 99.3357886834538 98.9470854868045 99.8126318407279 99.9628949930718 99.9926442407623 99.9985063534995 99.9996807337861 99.9999268171038 99.9999820104181 99.9999956353023 99.9999989681569 99.999999757232 99.9999999443974 99.9999999927865
97.0662215406565 99.5583211716177 98.9300286928678 99.8148266492675 99.963857167409 99.9928575773203 99.9985460902959 99.9996871240891 99.9999276170416 99.9999820066615 99.9999955815323 99.9999989431303 99.9999997488864 99.9999999421068 99.9999999924771
95.7715509781293 99.3322409411419 98.8661029308935 99.7875229394681 99.9564157392034 99.9911192718831 99.9981607185883 99.9996017808481 99.9999079513451 99.9999772391338 99.9999944571978 99.9999986891294 99.9999996917361 99.9999999297717 99.9999999909807
95.5631900936338 99.2982338024314 99.0470955337616 99.8202709119685 99.9630622309717 99.9924952266539 99.9984600479847 99.999671147654 99.9999253430505 99.9999819326016 99.9999957060277 99.9999990104016 99.9999997739481 99.9999999498942 99.9999999937494
95.8557189408822 99.2988314909894 98.6817874642921 99.7372882742239 99.9438158101909 99.9881245010898 99.9974615463373 99.9994348152597 99.9998661225664 99.9999662166278 99.9999916392036 99.9999979995 99.9999995274379 99.9999998923729 99.9999999862782
95.9987936624496 99.3258781111582 98.6814647044294 99.7423031376164 99.9457139651305 99.9887002303323 99.9976218087784 99.9994792764453 99.9998787395004 99.9999699126615 99.9999926799309 99.9999982794427 99.9999996004176 99.9999999106267 99.9999999888372
96.0702701877019 99.3381148639206 98.6049946579077 99.7259468062624 99.9417649826303 99.9877370023712 99.9973825519622 99.999416633242 99.9998613937101 99.9999648541862 99.9999912450466 99.9999978880162 99.999999496795 99.9999998843288 99.9999999851047
95.8173678122182 99.3470315834947 99.1162393657177 99.8324683317173 99.9655287665625 99.9929371995398 99.9985251098173 99.9996773539671 99.9999245227541 99.9999810817287 99.9999953177142 99.9999988700334 99.999999727986 99.9999999362456 99.9999999915068
96.0864831802451 99.4465263501841 98.4095766758103 99.7253962883414 99.9469325697467 99.9897313649578 99.9979654701565 99.9995758632619 99.9999052507356 99.9999773175888 99.9999946518566 99.9999987755978 99.9999997221693 99.9999999389207 99.9999999924748
96.175433448958 99.4447147380684 98.2615419378068 99.6953193716871 99.941205364946 99.9887063598376 99.9977921840511 99.9995477343125 99.9999010206232 99.9999768345158 99.9999946720377 99.9999988129396 99.9999997384611 99.999999944284 99.999999993389
96.1194415138746 99.3071403677505 98.839766923312 99.7836840490442 99.9567817144347 99.9914700872974 99.9983017054737 99.999647808218 99.9999223458236 99.9999817491383 99.9999957962411 99.999999064018 99.9999997942659 99.9999999563287 99.9999999948449
95.892596137055 99.4188372316748 98.7904213963958 99.7791214249968 99.9555033911733 99.9910339047391 99.998148874954 99.9995982306497 99.999906512679 99.9999766658961 99.9999942545036 99.999998624712 99.9999996724437 99.9999999244554 99.9999999901729
95.1824628960882 99.2261735172322 98.8975485952154 99.7810984612069 99.9533554584644 99.9901615784241 99.9978947430728 99.999529244402 99.999887692101 99.9999713732631 99.9999928167036 99.999998249012 99.9999995765838 99.9999999007847 99.9999999868707
96.8690615642793 99.5309143326185 98.8676635326949 99.8092568224031 99.9635688862819 99.9929876091456 99.9986102835895 99.9997094309537 99.9999347227656 99.99998424936 99.9999962494277 99.9999991315335 99.9999997999365 99.9999999553183 99.9999999943852
96.0506596226378 99.3831216304372 97.4046476419515 99.5236128090954 99.9027455689114 99.980184706141 99.9958784365386 99.9990982071508 99.9997888331987 99.9999471357482 99.9999870121841 99.9999969165495 99.9999992791938 99.9999998379627 99.9999999797477
95.6403515289365 99.2771117719996 98.8236489946426 99.7724956342572 99.9519103036263 99.9899455669216 99.9978699287726 99.9995297471063 99.9998894157071 99.999972252613 99.9999931633033 99.9999983701704 99.9999996149026 99.9999999122388 99.9999999887734
95.9218459247696 99.3331232916582 98.3270351091034 99.6900124790351 99.9379701815696 99.9877703600483 99.9975681702492 99.9994971641238 99.999889526596 99.9999741582928 99.9999940824931 99.9999986927482 99.9999997156166 99.9999999404387 99.9999999930998
95.8907341450557 99.289243499954 98.7213612131433 99.7560197530292 99.9499713563086 99.9898673708367 99.997925759021 99.9995576883744 99.9998996736785 99.999975760104 99.9999942590851 99.9999986856392 99.9999997029596 99.9999999351721 99.9999999921018
96.3604548627758 99.362515769049 98.2985841330304 99.6879190940156 99.938082416661 99.987897664649 99.9976157465533 99.9995119053596 99.9998938887454 99.9999754462073 99.9999944412573 99.9999987871193 99.9999997394546 99.9999999461762 99.9999999938639
95.9193113350728 99.3704574734077 98.8281942922173 99.781672474629 99.9548815278158 99.9906691998132 99.998029461078 99.9995625947896 99.999896073484 99.9999735674507 99.9999933800431 99.9999983895429 99.9999996118343 99.9999999094099 99.9999999880899
96.1911414491017 99.3870401731373 98.7411269750576 99.768302786512 99.9539103189311 99.9909312508565 99.9981975291577 99.9996267327817 99.9999177615797 99.9999806741657 99.9999955450198 99.9999990065512 99.9999997811669 99.9999999534325 99.9999999944856
96.0117540431101 99.3863077388344 98.6201281539225 99.7465135738166 99.9477629002753 99.9892662011113 99.9977504602179 99.9995059093555 99.9998839644054 99.9999708350214 99.9999927829286 99.9999982674207 99.999999586958 99.9999999048196 99.9999999876513
96.7946207827764 99.550579839076 98.2937816171302 99.7134931186887 99.9459904830953 99.9897732171944 99.9980100973525 99.9995926462754 99.9999105621674 99.9999789389654 99.9999951202707 99.9999989059663 99.9999997563691 99.9999999477267 99.9999999937476
95.6118174409168 99.3425750467337 99.1701726783716 99.8476122163087 99.9691208056877 99.9937399174059 99.9986981610288 99.999715017641 99.9999330225694 99.9999830852501 99.9999957747182 99.9999989702784 99.999999748951 99.9999999404804 99.9999999919676
95.5735824084591 99.3331891344639 98.4653383424601 99.7149466478223 99.942207923246 99.9883988698303 99.9976377212722 99.9994976186299 99.9998860796894 99.9999724119946 99.9999934370908 99.9999984883013 99.99999965531 99.9999999240742 99.9999999906469
95.5151838568439 99.375612596621 98.7123114878878 99.7780114182431 99.9561443686474 99.9913075461051 99.9982334136313 99.9996212699699 99.9999129051353 99.999978513637 99.9999947730525 99.9999987626841 99.9999997090815 99.9999999335733 99.9999999914455
95.9456686740213 99.3571180596387 98.4947116563314 99.7199934126722 99.9424881552963 99.9882734914574 99.9975701590822 99.999473990677 99.9998784863775 99.9999700079386 99.9999927260927 99.999998292745 99.9999996029112 99.99999991094 99.9999999888173
96.2246693868899 99.4379754277089 98.7107400562313 99.7776727405562 99.9571309048893 99.9917306419094 99.9983710313183 99.9996629795337 99.9999254173099 99.9999823323558 99.999995882169 99.9999990687049 99.9999997912862 99.9999999546621 99.9999999944827
95.9339915761823 99.4269009702142 98.0159935630788 99.6693599718271 99.9379068942503 99.9883814857619 99.9977858483399 99.9995567818337 99.9999051266623 99.9999782599545 99.9999951054502 99.9999989327061 99.9999997698553 99.9999999520134 99.9999999944418
94.6035157715537 99.234231148343 98.8602492474695 99.7846436021823 99.9561548672401 99.99118225872 99.9982032033723 99.9996181793318 99.9999135448556 99.9999790925931 99.9999950286439 99.9999988534191 99.9999997372082 99.9999999416109 99.9999999926947
96.0027417749894 99.3138364261494 98.3225320297501 99.6689235512154 99.9285555122578 99.9847209956053 99.9966890401307 99.9992505428466 99.9998192674236 99.9999535511679 99.9999882935101 99.9999971487937 99.9999993159265 99.9999998420345 99.9999999796195
95.4779393120597 99.2479532727925 98.5514499896052 99.7125459544386 99.9386580081006 99.9870926874894 99.9972602659302 99.9993955880163 99.9998583847681 99.9999647006819 99.999991383133 99.999997969396 99.9999995283909 99.999999894536 99.9999999868493
96.0371868315521 99.3639359437615 98.2067092095318 99.670796171194 99.9320463145424 99.9860189258496 99.9970685805919 99.9993557569165 99.9998487325312 99.9999620516683 99.999990650253 99.9999977716547 99.9999994755799 99.9999998811039 99.9999999849379
95.8733973547253 99.3286847861139 98.7122444251749 99.7422988983437 99.9430220792939 99.9874819319937 99.9972035591827 99.9993475305282 99.9998375847695 99.9999568321635 99.9999887239389 99.9999971503274 99.9999992868517 99.9999998284133 99.9999999767785
96.6044964224608 99.4843105649321 98.3125184678505 99.7023905343939 99.9405124973589 99.9880813904813 99.9975553491397 99.9994721268799 99.9998778725829 99.9999697476169 99.9999926300358 99.9999982604552 99.9999995944648 99.9999999087836 99.9999999885433
94.9919792949909 99.1604321494658 98.1704856275794 99.6314813489323 99.9184423205695 99.9821043906655 99.9960211440132 99.9990739570702 99.9997703170488 99.9999392751676 99.9999842604023 99.9999960558398 99.9999990262172 99.9999997685808 99.9999999691989
94.932898745182 99.1753857141159 98.5583408250202 99.7100973519663 99.9374527321461 99.9866717697329 99.9971287934493 99.9993551570891 99.9998458590538 99.9999607344797 99.9999901847548 99.9999976250608 99.999999432519 99.9999998691024 99.9999999830658
96.2299054021939 99.4066061224761 99.0315393169746 99.8193156326909 99.9631010827492 99.9924934811606 99.9984445012233 99.9996627921599 99.9999218926055 99.9999806354833 99.9999952687656 99.9999988764642 99.9999997344315 99.999999939117 99.9999999921126
95.9600228658157 99.3229490026901 98.3762682928769 99.686789144059 99.9334761682302 99.985989528297 99.9970130654266 99.9993345824808 99.9998420404083 99.9999599924035 99.9999900583676 99.9999976105478 99.9999994337158 99.9999998707182 99.9999999835295
96.0284087459039 99.3070809075949 98.5746276001548 99.7155423745282 99.9390272344241 99.9871145599088 99.9972534196154 99.9993911449632 99.9998566150972 99.9999640720466 99.9999911832332 99.9999979114912 99.9999995127326 99.9999998905968 99.9999999863106
96.0170532682241 99.4027543906761 98.3638979358372 99.707368752809 99.9427261354098 99.9888939495057 99.9978187620446 99.9995529619359 99.9999024063895 99.9999772684505 99.9999948058807 99.9999988521824 99.9999997495054 99.9999999471993 99.9999999938119
95.7188477869261 99.3476812352143 99.0455795104884 99.8208570291402 99.9632602733821 99.9924724541453 99.9984236284872 99.9996528460962 99.9999180543061 99.9999792529128 99.9999948106268 99.9999987338737 99.9999996924347 99.9999999272938 99.9999999902443
95.795285373761 99.3518059030625 98.8996603260155 99.7971620117495 99.9588810830981 99.9917040467852 99.9982983878 99.9996342243999 99.9999160194206 99.9999793742968 99.9999950141028 99.99999882931 99.9999997273993 99.9999999384361 99.999999992176
