0.187 0.0225 0.15 0.21 0.9 0.00075
0.192619198313365 0.0244442069428651 0.158401905419727 0.225756907061494 0.933776131760744 0.000775913718523895
0.184819577042085 0.0217735892539425 0.164738689220802 0.2243516193916 0.859472622966936 0.000715783467721558
0.173040441609998 0.021687734161746 0.14943287072747 0.211916198725964 0.883737573857253 0.000738977777170243
0.178923500718839 0.0233142935171369 0.154476601600246 0.217136448493392 0.881459951534014 0.000783248956725055
0.175775878783633 0.0225955053981399 0.17291071077875 0.242139800080615 0.922623204653855 0.00078946232671217
0.187159065994312 0.0221718848319148 0.152920009421077 0.235309479338338 0.836181754744283 0.000818060151430174
0.186581912592208 0.0218306449642267 0.141296341279754 0.199137688314377 0.870936461357398 0.000740155863757458
0.208900948163843 0.0242902919699734 0.128243467760602 0.228318884949446 0.894682284135236 0.000725504825909973
0.196379206759366 0.0219601587699847 0.141716668638403 0.260976525459158 0.903710840378979 0.000827520233308058
0.173964004844025 0.022675668131917 0.207840458070764 0.21702224267006 0.836662389635225 0.000792944623965194
0.191228591811838 0.0239885187244553 0.126603528971559 0.303958595484763 0.928122889539048 0.000824929410282844
0.18234921496886 0.0221564794343081 0.145945014852546 0.257022674316075 0.849883268106766 0.000750950359178177
0.211911041505294 0.0230804139215297 0.124590461759957 0.196957204338719 0.874604598552581 0.000798797517471576
0.173454112071276 0.0222539617845959 0.139542213260495 0.261470072957582 0.958383089347461 0.000735410963108458
0.210756125561595 0.0237383343965393 0.146708676615972 0.188502393580103 0.952962806042034 0.000722587495907708
0.219468008631504 0.022417229576363 0.144236265263399 0.182608044662446 1.02043404700369 0.000797042866750411
0.18683143191333 0.0227473107188881 0.158555461655366 0.200719789597292 0.874709308369006 0.000737292448235196
0.179340299335507 0.0218094988390128 0.156369471680244 0.230512246376068 0.850785035984735 0.000780551391095576
0.177368091437658 0.0241549528882496 0.142107841676713 0.21685430105742 0.864161354252911 0.000848808480765042
0.183897887868264 0.0211511557783018 0.149549957409343 0.280215981794121 0.885088429492583 0.000725346652212765
0.211117041381708 0.0211381877693262 0.14389234435916 0.206899946957384 0.869493899736074 0.000817008024604479
0.183193618407042 0.0228249343603693 0.136711302054026 0.168128904499598 0.871422446120153 0.000745731451800975
0.192755979425183 0.0220031248341713 0.17993436700976 0.193748885929036 0.945903074539714 0.000707991874284833
0.177108865130835 0.0223461990225112 0.165035518374739 0.19355678836808 1.03871335960577 0.000737694061616294
0.182410485304129 0.0223493172505852 0.148353277832811 0.200428606002686 0.836975858938983 0.000768498855712768
0.17905765112547 0.0230776413921581 0.133422042799915 0.172329018188381 0.884159855642127 0.000727030487992109
0.213705058043837 0.0225964553142481 0.15890585394064 0.194719219299446 0.990990937281713 0.000755483647906376
0.20996217658883 0.0222273835450713 0.17688209897583 0.181642812006406 0.853302982297356 0.00073849424142286
0.180292977557689 0.0220915100819469 0.13494580883612 0.248381942825081 0.950724241910111 0.000743463475991633
0.178052533920885 0.022431594297573 0.182437722055935 0.253880106758448 0.934158218842401 0.000690169240578231
0.199332083161606 0.0235782307976714 0.152682972034639 0.231681189530828 0.971057810999886 0.00070935863195385
0.216792083979581 0.0221026133157851 0.164989548449871 0.209403394053268 0.948194730804863 0.000748172151189279
0.200269507772276 0.0223758564940117 0.148168708858653 0.178443295279357 0.893090496645431 0.000798201682141091
0.182875461719609 0.0221210842950511 0.168207861068232 0.198602367209232 0.936948955257695 0.000761164186157336
0.198087784905221 0.0223882951847366 0.168266870790676 0.182129132289082 0.941779509972626 0.000844558622190487
0.182370406670921 0.0216287145926719 0.159918440281959 0.192354164466522 0.908841813177689 0.000772132344549948
0.178545936379996 0.0222287044910364 0.126153557435815 0.240357362981051 0.930744716310805 0.000705893461945129
0.178744593758325 0.0218982485694336 0.132601763741817 0.257611831965045 0.88922119901545 0.000783124635533963
0.181773526682576 0.0224354178039956 0.125854815373361 0.276186750336252 0.905824392700586 0.000746647162515951
0.178224707984951 0.0217800952343479 0.148029201988052 0.19543581159819 0.898967303564545 0.00075731565950223
0.185999555461265 0.0218100492005565 0.219239983428783 0.187212138340126 0.948685710121008 0.000864802162456913
0.189544391954708 0.0213382754099509 0.145825578245201 0.191044776984482 0.886689259866628 0.000904599703107382
0.18058379827209 0.0229652774326328 0.179797533286935 0.236160824157741 0.96606395747213 0.000741467714531068
0.200945107947883 0.0220758848876005 0.152253260010922 0.233674100268997 0.86873999945887 0.000714829726507663
0.182664032846459 0.0224463577801252 0.158213923063328 0.241200734390115 0.933980766263966 0.000739841019742016
0.202853369945036 0.0226623314481626 0.165386644493818 0.230885542478227 1.01252947875519 0.000746265301054878
0.18386552464411 0.0248067719114863 0.14910968126101 0.255439488410112 0.837673445596611 0.000699182708406376
0.196489671695144 0.0221596973066514 0.164224379904027 0.209997264323803 0.896947206329407 0.00072876649163986
0.185009333249659 0.0224158555723794 0.147154363660983 0.275916526314539 0.931284318057705 0.000717377703155038
0.184885425314506 0.0249162458392014 0.129799127924157 0.173021689842952 0.860094956309583 0.000722568624387115
0.195971553194157 0.0228550414852084 0.165051550503926 0.197699909248273 0.895844265021961 0.000746496169564758
0.17719069473986 0.0221435839240591 0.188062550510877 0.180530607541456 0.836308998527551 0.00072467235711872
0.176376833040405 0.022348372534714 0.14865529822192 0.265467640308255 0.909854229893433 0.000732720634189367
0.174344078910436 0.0224885024089497 0.173212808391578 0.204090424725967 0.868872719471256 0.000790938315964762
0.183235603700758 0.022422023410001 0.149579309200617 0.199363913846305 0.991685575742612 0.000783759315374309
0.199589858818392 0.0227085716536517 0.138441841002348 0.271024534884464 0.98002706696268 0.000747763401618172
0.16971183971946 0.0221126223291829 0.138667292431392 0.209179474380008 0.91343828414617 0.000904704331217954
0.175829902844019 0.0232298432300783 0.190613160338147 0.194889051746482 0.947647015528391 0.000739345880314242
0.184343907702808 0.0236375814798415 0.123961116322717 0.242332843857447 0.850588834976126 0.000828092683178604
0.204585943212998 0.0217545758954153 0.150485035889982 0.264516543486696 0.985470400286645 0.000729254797658861
0.182429784996574 0.0229637414096991 0.139397698000806 0.224583583433392 0.869112528901874 0.000726872512822713
0.176331920245005 0.0225253957579167 0.159092820493976 0.276216164235455 0.868016394440499 0.000784006722226958
0.21252232118128 0.0223935661212645 0.153937719884195 0.233495089860798 0.946708211678679 0.00083643165949634
0.22143605074709 0.0232868187714194 0.143082824821663 0.260990385747547 0.947386441303245 0.000748000213768183
0.173688978566057 0.022251621387239 0.13190783221437 0.215354358500831 0.857323258880949 0.000775150140354906
0.204387571142559 0.0239059392859101 0.136630665669008 0.196600317031347 0.976984963743537 0.000912713467648503
0.187113960583046 0.0216998904903774 0.14907777857548 0.191992906104814 0.884936718651155 0.000731047891911669
0.185240572651498 0.0244597660383527 0.140829478664441 0.293027046839609 1.03725536341542 0.000740083714989658
0.204934528810423 0.0227762427201067 0.140801886817432 0.217734427329628 0.905466612596151 0.000738510469397177
0.182605720534207 0.0234718548199011 0.140350945201099 0.198616380498635 0.906975475137765 0.000720193414339488
0.187241151034712 0.0227326011652418 0.123393068731328 0.206457838421792 0.998737394779749 0.000694994636244834
0.180209928841386 0.0218454459716055 0.147937535615837 0.209284134587693 0.898712320061796 0.000714468580255996
0.178987025611304 0.0216361984615888 0.134209052274589 0.195809630432154 0.873309726767807 0.000740734082094145
0.168267429040714 0.0242714353720625 0.137494841086703 0.268471082243703 0.866982549339469 0.000753297076045507
0.197189886325054 0.0215921210646218 0.147059510596784 0.18279852419324 0.879292738852726 0.000731605303865872
0.193478360031242 0.0229837725535607 0.149487559298329 0.175714208490271 0.928276539236632 0.0007480962838701
0.182521759053418 0.0228070871208832 0.116657235404461 0.280082776608402 1.02319034621854 0.000787744871434389
0.217585828278802 0.0217513769141147 0.146930144382599 0.244034155157467 1.0325028904659 0.000802626927852517
0.189212402077538 0.023283028912183 0.156902553378419 0.239222633238255 0.896574969373395 0.000805720425288117
0.216253662822513 0.0208306427081592 0.179193446218306 0.171828776249436 0.898069969665696 0.000817376235368841
0.18541979662698 0.0229899766007071 0.173344214072399 0.25609460482375 0.879754531515714 0.000750192821795153
0.178952649499353 0.0220147859459312 0.140629672193899 0.271667339978125 0.949969634368789 0.000753373803588331
0.206070300848804 0.0228995362026084 0.142766444056037 0.266955552327149 0.879282063193229 0.000762806846273036
0.197434071073546 0.0247512764384336 0.159564581501128 0.211174731824678 0.893655871602384 0.000821484443531161
0.186713683296764 0.022023850114392 0.13519165157332 0.203378398674157 0.84961837184721 0.000727447932480995
0.183588861144973 0.0253561213665083 0.162282844257041 0.250695422282319 0.921316180837608 0.000786336004834583
0.185061464838157 0.0226497177859835 0.130465451682353 0.2550526076553 0.822790112378388 0.000763275191688124
0.196982492909205 0.0226136056263907 0.182952124768023 0.20639022808445 0.859545291736341 0.000735047806004779
0.18583086340103 0.022419129282987 0.160241586661837 0.196168320901739 0.940564424152709 0.000737379570252298
0.180656930732414 0.0237888693709742 0.136657656940057 0.226863074155134 0.885146058507045 0.000787637755964621
0.180644126988568 0.0222427777692031 0.12858157672723 0.206422187262529 0.955838768850341 0.000714987633848034
0.206844129683951 0.0225306984237696 0.145944378150604 0.239215273100054 0.810370751900278 0.000847373321139213
0.20384063912053 0.0222545834648029 0.182496067991937 0.182322674557454 0.877628798323384 0.000720843931758774
0.189069338836829 0.0235729025115477 0.180824695939289 0.182211027921153 0.938031245366426 0.000821805851640065
0.187982456298576 0.02322637549704 0.166674460231954 0.205312364137147 0.949834215327353 0.000733564421516702
0.215790605023002 0.0214819668744044 0.13386825069643 0.216693202711168 0.872349157361099 0.000796395416439378
0.209888306543265 0.0220159020842267 0.144143431732628 0.195989459112542 0.881351154070884 0.000754947778774755
0.186261552136196 0.0224525998668532 0.151422148054602 0.200242628288769 0.940517298556579 0.000740569867252627
0.199423448888794 0.0220306301946368 0.130720441820534 0.351705037441429 0.873061154781132 0.000751084558819062
0.188667038793792 0.0225119257303997 0.157323288002453 0.175568264601364 0.918519615550307 0.00076527200776398
0.176736367598607 0.0243764675679 0.131696190374893 0.212833999627162 0.942149306331592 0.000695905996138756
0.184518975555418 0.025738891730673 0.155285624170226 0.210596438678851 0.898113622727116 0.00077973779539389
0.180054567845144 0.0255033275826447 0.13503784516524 0.280456039370173 0.935153659626856 0.000736867444343004
0.187489501905179 0.0220795873439111 0.126395192434926 0.211765131821641 0.862993937244483 0.000791510744759754
0.189700457442281 0.0221374263978406 0.134626409305047 0.203605244528971 0.937321541770973 0.000701173696364473
0.185718971270983 0.0223828148675555 0.155780880044878 0.203443939137065 0.88833820393699 0.000752814487730721
0.180637153932733 0.0213473746474032 0.158918639313913 0.181454177010725 0.963424484783907 0.000749274903758834
0.216683657522761 0.0222922146207536 0.168664992990527 0.207199389495538 0.819383180847869 0.000775618463242423
0.178869453828583 0.0241136070045874 0.128482566863104 0.192113676641011 1.00558627198015 0.000731687057316534
0.207402668084697 0.0231826597146625 0.139279651155751 0.183135833998539 0.997789013959855 0.000734982073073071
0.177940671368697 0.0218905041464184 0.176651277966852 0.22634442906941 0.842817818405778 0.0008034336374313
0.18490639686969 0.0222840530433605 0.140017938775685 0.172166385844813 0.830629093214365 0.000748071695958238
0.192007595610498 0.0216630147397582 0.173360211803964 0.253784894708774 0.898558163072524 0.000712203501408735
0.204296024931924 0.0227545236310736 0.148736040878306 0.195557809668454 0.897286034192341 0.000725272158686417
0.193121709141743 0.0225744627127529 0.14602582559249 0.239067762181497 0.915363538167983 0.000786209235249566
0.17874457397257 0.0209278757740207 0.143221835409308 0.203194021060118 1.02821073133568 0.000768000904831409
0.185167253001458 0.0223013104851132 0.170329812819384 0.180404716340954 1.02744633057751 0.000709499364356415
0.176271144028546 0.0221323622243866 0.174069255791057 0.195233874984206 0.959375005353187 0.000717875053568882
0.206538185186339 0.0226519182376529 0.161231283429879 0.19397065805383 0.952344881265717 0.000743102436597719
0.19837946261161 0.0222403332653998 0.135196210600228 0.19642589678638 0.881384048135064 0.000808574849759654
0.195537452376882 0.0219509015807917 0.146926149904564 0.240159663210698 1.06540152382095 0.000740176286595083
0.197130713342686 0.0222358895366836 0.141365286275045 0.178506365104702 0.963230865833252 0.0007564282924395
0.209300481892702 0.0216808303741332 0.140434435971406 0.200829038305063 0.943091534203855 0.000696329884184359
0.198501977630239 0.025070332653391 0.174257972148477 0.190065621992874 0.887927481271522 0.00071989099903275
0.182800370798683 0.0237295972381145 0.144746120309705 0.189913260025983 0.963288250213139 0.000814090927015873
0.197005978296267 0.0243437061468502 0.148118761542064 0.190263582811954 0.86264629904487 0.000818845755269533
0.182004414050913 0.0235964163333206 0.181074360928298 0.188060279931978 0.936169730663545 0.00073299183266851
0.201224931567356 0.0224581475242952 0.126382706027373 0.171313840805557 0.925379521619179 0.000760104895227995
0.182685191674698 0.0230662008580679 0.152996608148166 0.196292626461465 0.949475893228574 0.000755204006868345
0.20176498599042 0.0223190446973731 0.143244414413299 0.270486111456508 0.938951136433548 0.000831189915563579
0.181344599336751 0.0232945353054352 0.158774147066935 0.200860184217956 0.842676825728209 0.000811977807159012
0.202787755870643 0.0254909188711016 0.129954951739497 0.260480987002541 0.918239990471981 0.000712775913690109
0.195174398181737 0.0229438473693224 0.137078467960006 0.290963849262095 0.877986526704466 0.000783771072159866
0.192689120172058 0.0241679820851057 0.132757453004524 0.190908884201319 0.93603220991322 0.000826052423537572
0.191999459162669 0.0229600961045035 0.165272176851959 0.223292969138266 1.0299632152003 0.000813639405374682
0.19455427758381 0.0220694526333193 0.150553315263256 0.181166421695758 1.00489340814373 0.000729305550556478
0.208788493665552 0.0223834282041393 0.136974647907858 0.211764576855745 0.896274177416874 0.000790624274519089
0.196719522904104 0.0239005493912586 0.156005315820446 0.202247752109041 1.02287380938146 0.000735917979623189
0.20089500508678 0.0223730542397251 0.130677554114354 0.210275012805115 0.930469853175852 0.000694407442908055
0.212850710785275 0.023261805522751 0.137159945450466 0.164763427145492 0.910217491004874 0.000781889818119182
0.192592937848717 0.0219219534575481 0.161433436889531 0.19548578186345 0.918308166195579 0.000694889198685342
0.174511779550445 0.0219818137852858 0.140891736010394 0.19333831534366 0.916519152162243 0.000749286026718786
0.210829265177462 0.0244257042802464 0.178901218997596 0.205625912948594 0.873102492501653 0.000766230132238217
0.203486317992442 0.0222291261509869 0.158972053564765 0.173549279142479 0.986844133495097 0.000810004133294393
0.185868535227325 0.0245913262807484 0.133577559809287 0.202822744436667 0.920523442537079 0.000721903593035118
0.188717534433705 0.0240326167167907 0.156003794132455 0.216832221639641 0.981356398706108 0.000746263115245654
0.175831368194788 0.0228019077226971 0.179238918048193 0.191331169979813 0.937726793196963 0.000772333622918256
0.193891227479615 0.022457845115443 0.13647829775531 0.200292530088794 0.937604810827842 0.000753638842385338
0.191193470314231 0.0229013220107773 0.128768128769629 0.20739291886952 1.07977367336496 0.000772980589534871
0.193705610084414 0.0210053204238217 0.162797575010704 0.211596949647308 0.852241946988935 0.000752855950074381
0.217781737508523 0.0233647553223038 0.163554338186467 0.196859803733164 1.03703212443585 0.000732607140123406
0.184641962724125 0.022042992989356 0.18479674616579 0.245518029571983 0.897320192892236 0.000740335132079538
0.182219394495399 0.0225949871585339 0.14968015261614 0.209021033855898 0.895869580054515 0.000756684689518053
0.185029886926306 0.0220455803306901 0.155146960297335 0.217932511331104 0.894650597620132 0.000740135209604995
0.179466285511423 0.0235562849637515 0.126582039471031 0.2141053916428 0.902318796202021 0.000737218502736183
0.186079387166775 0.0222969772986429 0.13813751906381 0.224597510704003 0.862001785526853 0.000718410489570748
0.178215145281905 0.0223093925607154 0.150393317988 0.268484539272036 0.877321497311372 0.000800801301290146
0.200455080842208 0.0239591614291611 0.165245233193112 0.200747558296048 0.978366610903981 0.000717625625148522
0.196199714468211 0.0231809647982975 0.145319581305373 0.185198644588712 0.942570946724866 0.000732258854967044
0.184479861726537 0.0211359519216606 0.161582561256809 0.194461503956624 0.83148093499267 0.000807178333053508
0.227922706983677 0.0226754953038462 0.129893665616924 0.222654604898407 0.889411384540336 0.000758457275205629
0.180002829278378 0.0223612472609796 0.136639378148161 0.199704904345838 0.922564826932051 0.000719939893970759
0.165348377919429 0.0219786196250292 0.144146053296304 0.226806548507294 0.908595584250659 0.000711188308125587
0.187889415964475 0.0222108396094501 0.163774745557686 0.202407985977007 0.864948750203795 0.000727149165788265
0.181732769462361 0.0224218648494856 0.147454802460425 0.241067973072761 0.962413604451961 0.000675383439639883
0.177584389993468 0.0209692771605235 0.135455006770708 0.271298111839961 1.0529682802885 0.000695240263075197
0.190324182041865 0.0229316453593059 0.172130141021146 0.212439309964322 0.889080825499628 0.000824090635722519
0.182198499957235 0.0212569188974676 0.151596743549268 0.264482434261122 0.879742658860222 0.000710932103351095
0.187239122824043 0.0219598277572751 0.18811433846922 0.243783931980231 0.940140215215459 0.000724608694267712
0.178544897839313 0.0228344396883187 0.130009533098073 0.194315841819832 0.834098437887472 0.000752999111322323
0.182880910619911 0.0235389890580666 0.140383071968548 0.219512927062955 0.995679227922763 0.000692281162728185
0.188300519177944 0.0217617436853754 0.129803321552193 0.199965363811244 0.932944280828003 0.000747024163694768
0.188466997751041 0.0229203799416729 0.159631294246288 0.175725526035904 0.891668488195165 0.000750958886676973
0.190749568329314 0.0223300445294974 0.15682193934413 0.215045429772518 0.868846877388162 0.000748282572544542
0.197184437694671 0.0210964620870827 0.179146200819377 0.210026689112509 0.853492967506026 0.000785399796925635
0.19184501194357 0.0234169547858688 0.145977964586015 0.204822577896151 0.888421976472416 0.000728020902163724
0.200045335423504 0.0219231363407113 0.149512667967821 0.22066932961709 0.943035114306444 0.000828266005000703
0.183523757685516 0.0224334395812085 0.166339727140721 0.169765093936763 0.858176622960238 0.000755769398780067
0.183642426596868 0.0233524590601671 0.14833535331621 0.231535671049208 0.864682308981944 0.000736704578399484
0.180220761622773 0.0228453008642657 0.136347338289853 0.192099397510158 1.06793889822119 0.000826339422338529
0.196970347988925 0.0218621158038842 0.154826166056874 0.211119184937926 1.01543885517522 0.000789362007862733
0.175744863327185 0.0229398585915142 0.151590780233136 0.222520634068547 0.863101980901288 0.000748672349018413
0.182720422748473 0.0224073504675482 0.154852261363446 0.277667805936782 0.934568660738713 0.00072747387483555
0.181857389610348 0.0230229301074056 0.118181234526769 0.279694665973276 1.03456093301243 0.000809428722969445
0.222942191109571 0.022746479929756 0.165755540296661 0.176488914742955 0.945506808905438 0.000704009068328396
0.202966248061827 0.0217697608455007 0.141364070166752 0.230592374423714 0.974601446978208 0.000713394658164282
0.180432718594307 0.0223272521268786 0.144658547005377 0.207318632461642 0.865706236851158 0.000739868794707841
0.177948339835559 0.0220835261554883 0.165796543288093 0.204870576855586 0.87950266859902 0.00069976083944547
0.2007333090093 0.0238279635603055 0.165608697041171 0.197673777400664 0.914916279944293 0.000726679602930549
0.190471974519422 0.0247922521204697 0.16398411784586 0.222498587928445 0.859927055234403 0.000710739609369371
0.185371226477618 0.0231509127453865 0.157294452499626 0.195159496057222 1.05165084378262 0.000794957364126606
0.187039803016647 0.022906085420949 0.140505589131238 0.236241747435713 1.03915562357145 0.000789539865141578
0.194380630501402 0.0238003882741065 0.139220296654998 0.165195663580541 0.966640410228303 0.000821969144907731
0.189121667469465 0.0248205285733061 0.145463012020193 0.237861120505049 0.963182620895586 0.000898803067978654
0.172374158817407 0.0236626891153208 0.136319389404942 0.25281486688905 0.945933043429233 0.000860518129548217
0.179637805383939 0.0237343162187269 0.158061269898196 0.288815204732653 0.936298572866919 0.000738544736161904
0.184911376175411 0.0227934507630925 0.146187294159847 0.204833408363936 0.914252481235072 0.000749537639876109
0.177522373672508 0.0226333397887291 0.196979548940785 0.232197328694408 0.984067312594873 0.000669363517585533
0.19405028662509 0.0234482934540794 0.138703440667156 0.232687309855079 0.892663691954117 0.000745015384791774
0.204679366417122 0.021760886770356 0.136137969490958 0.267867796434479 0.879855544008425 0.000721000160528982
0.200519347536226 0.0216835514916985 0.137794854722221 0.203169532319963 0.881707035267717 0.000834929299847545
0.18387538914136 0.0223934974804322 0.154918443812176 0.260476509727663 1.04499460374714 0.000817138705704283
0.195250555182167 0.0215346641251486 0.123368338985034 0.226464402543102 0.927338247133527 0.000691084427261716
0.187290782374781 0.0218699455653683 0.180065804722091 0.259942258485524 0.967605330945412 0.000812706108759722
0.176626816742664 0.0224104989391597 0.13569341475036 0.219696822024978 0.932521470816244 0.000763155968026534
0.174313322814053 0.0234370037760718 0.14723400033784 0.199875695860874 0.889205452175115 0.000820626110908712
0.214735626948125 0.0221158470136788 0.16809080338267 0.209424954401465 0.878869608175598 0.000736283633838467
0.199893459118921 0.0215752848810293 0.155471676415384 0.227180117579257 0.877877172067218 0.000790016633451244
0.185587951382816 0.0217559316997542 0.14941732665397 0.198077580316523 0.895129549024424 0.000869612275073547
0.191493943894082 0.022029672389989 0.1492122915462 0.199250933284163 0.861986658091704 0.000750885681832539
0.181888063377425 0.0221918129901845 0.169084888718918 0.208486970354155 1.001914147273 0.000853574275882326
0.201071405139723 0.0231583453844503 0.193158449924478 0.212940525968499 0.936727795168103 0.000800055060134462
0.170903913513264 0.0233984127132488 0.158649235898376 0.194159176888598 0.894683664632073 0.000829392231003213
0.194995948408432 0.0222171965064314 0.185835588629274 0.19073307351925 0.968598041761389 0.000813417099258098
0.180491194348636 0.024464929628754 0.161610684913295 0.247121856145337 0.871593821567593 0.000787814303142365
0.184506491333766 0.0217960048331494 0.195784558907984 0.221791558729614 0.980246935674946 0.000731084582228656
0.181376371573909 0.0213566905409413 0.161399549625569 0.191213511982209 1.07242248060578 0.000710374182309288
0.191947918067636 0.023430502061843 0.160501515811467 0.233838567553902 0.928805177625464 0.000688094177587221
0.177876488124606 0.0219307736587769 0.174125620491137 0.223405964063565 0.928312004485398 0.000761381146315106
0.194921813330858 0.0236183291934801 0.173683906503209 0.216898666034755 0.780703285415147 0.000688158965271981
0.185267793672995 0.0222700942238492 0.172260278643233 0.167343438398993 0.864734528782025 0.000739626744865035
0.180176036256587 0.0226805814895291 0.186402273998104 0.208343181899739 0.866906224048325 0.000779400844219263
0.170735299529332 0.021996526340558 0.140359038619514 0.294354747797561 0.862183846197689 0.000751832250137683
0.183524841469266 0.0225680091260584 0.209700374566243 0.20942809645126 0.880043184008302 0.000811245196031004
0.199337811650002 0.0225552464057087 0.177954426640964 0.211596190277229 0.893287545387218 0.000706445615734712
0.189967623815902 0.0220253796127926 0.148185908090702 0.209562730300648 0.91979200524616 0.000779217334850476
0.190682814081295 0.0214713887236015 0.14594075509208 0.209971546717603 0.878944235706341 0.000817563482567191
0.196467448770472 0.0223754467287848 0.152699161309924 0.260889248539429 0.886426421370129 0.000740894623764954
0.225366257215996 0.0225134850479582 0.150167960563285 0.275095714431027 0.9222881672524 0.00073464154289667
0.198030536757146 0.0223258271122804 0.109987932070751 0.24201997453946 0.856892437242748 0.00072849770809848
0.194098314927718 0.0254338515200014 0.147783566541503 0.1956364167884 0.922507714894564 0.000723809484084576
0.18170586547581 0.0217099742163379 0.135903296389325 0.192473499374805 0.915069145738316 0.000745976387001621
0.187813674686957 0.0224206960634515 0.170684628694201 0.228812484634821 0.951258349557883 0.000822881579948675
0.185161764888199 0.0226224839767318 0.169411854382622 0.223212453856785 0.856957748827911 0.000769423695154303
0.20567158305329 0.0216238204416215 0.121734535670583 0.233590635711645 0.921139081574115 0.000814892557239061
0.209119178616544 0.0231891583919209 0.139421037059436 0.18605944425465 0.845035849768881 0.000724045040190585
0.212783943478374 0.0217871092547137 0.144536834319581 0.204690075077138 0.959348295313981 0.000711117302075653
0.169923851332326 0.0230273260459371 0.143202453762744 0.270510992397497 0.996013584620623 0.000763180367861053
0.183482182683907 0.0226785815569035 0.175533197639583 0.190541205174243 0.886168515188483 0.000695263805046171
0.179854152146566 0.0224637673251282 0.135254060923106 0.213872240195339 0.855513930922509 0.000705554293528391
0.198509213194004 0.022151100684743 0.170578393973855 0.256900297987273 0.894613843975075 0.000762527114111009
0.198479267683485 0.0219072888418992 0.155507312570911 0.19960977342782 0.890096891182048 0.000711147093973904
0.173629698629291 0.0222978532627244 0.167159264172025 0.238242476076692 1.00423206901129 0.000792069413725329
0.19844966116696 0.021658362885807 0.159077723043053 0.193872632463347 0.923304717614275 0.000790094315668761
0.204889041707431 0.0232063479042387 0.158632759630937 0.196092723899036 0.86618848253889 0.0007874184007061
0.185045673688312 0.0228050962976385 0.194086712562365 0.228450032836675 1.02355835909395 0.000748041259341161
0.229680854943088 0.0223835193207863 0.15666630018594 0.195706332350983 0.943879357194228 0.000884204725391878
0.179288804832785 0.0216073991773613 0.144599210528198 0.201616026958967 0.978032226185965 0.00082307541100971
0.188411558431058 0.0220307044635542 0.174514367390705 0.164106175363111 0.866533143725672 0.000840769447218546
0.193208965219201 0.0227947233418905 0.129210411469474 0.26146094918491 0.874618575857201 0.000797523620110283
0.195931810172079 0.0233049458876618 0.146758808535926 0.22669597540238 0.872320714990558 0.000712498127506366
0.181565915731781 0.0218899676897329 0.143041009672054 0.210663638121928 0.852905734776024 0.000720580466093946
0.184194061799146 0.0231841752071302 0.148026112993553 0.242295888994058 0.854527145499845 0.000736910947963056
0.203493509642079 0.0238042709843899 0.12187110148764 0.19749723385023 0.849542637720937 0.00074808259153736
0.193304326785674 0.0219067740541122 0.164278621746439 0.240794525673781 0.934913682584467 0.000846348923716375
0.182355498100707 0.0222104300394543 0.164623542868999 0.216823030009635 0.899848610076316 0.000744836861116429
0.172425149155073 0.021443429253426 0.134803689799173 0.185075114552185 0.979147933331757 0.000720297176100065
0.20995584792094 0.0242266115256985 0.145993614561432 0.230691625886271 0.900122429533086 0.000771631499056247
0.172334221196418 0.0225766044597297 0.164443514476017 0.169035520503651 0.903086134172483 0.000764652387492771
0.197703338461592 0.0230414588641585 0.149889958506446 0.179175370976544 0.89331511136958 0.000831705188910419
0.204096110729129 0.0224710825081284 0.136171304633143 0.166095680069602 0.923581917119464 0.000831721421911797
0.184671033060204 0.0224003507887571 0.14274305843282 0.207223694558937 0.873759644362515 0.000710821784951628
0.183703313401388 0.0229344234201787 0.146401294706912 0.194554028650782 0.895738552830577 0.000755943028638209
0.181837901444705 0.0232650613241618 0.143900289424883 0.196547419217377 0.867024364652751 0.000735790560627945
0.197423872607974 0.0222151308161879 0.130649513921035 0.15791415855547 0.881018527154228 0.000745172496317067
0.202372100760201 0.0216923910655357 0.219503130445984 0.195192707134331 0.920811104895887 0.000734385252034508
0.197191067840436 0.0222747586789386 0.192818459440975 0.200556382048402 0.945014511307712 0.000721830837809179
0.181206520798538 0.0256341591060359 0.141892587183266 0.234855535671153 0.962259709484897 0.000784983012319688
0.207904234615261 0.0216097059786993 0.13117490016576 0.194976396398728 0.883902697131442 0.000698745686795668
0.20830470858281 0.0225252262550015 0.138130846613413 0.192495336710417 0.859673218215347 0.000762256462540132
0.182230594760296 0.0242087254728335 0.162366317067956 0.200897127937213 0.930983414158395 0.000727816967688758
0.190804440773134 0.0236774197742855 0.212921083666928 0.303656942378614 0.862151390293958 0.000733177373478376
0.190617300424312 0.0224717877036392 0.127841244164741 0.254269965194354 0.883050374753937 0.000779679754700591
0.188394499448871 0.0224655458555334 0.163495322440418 0.255345569504978 0.958654239494322 0.000754689015449716
0.18292197282777 0.0238560295046664 0.14848703524459 0.248843788804578 0.922606185414141 0.000734176137255683
0.170924484714901 0.0237416258923747 0.17046808348058 0.257091364753468 0.973372267818252 0.000782456293764815
0.193963483327342 0.0220190334087114 0.139014183020106 0.264388806796117 0.868804206029481 0.000817525491996099
0.184475244272501 0.0222832799527165 0.147339454126188 0.20765384556853 0.958654136614951 0.000798498658893562
0.191887982668476 0.0216450027044717 0.189002116476257 0.18476683872808 0.870571679608231 0.00074427525932136
0.184446197148242 0.0223730049699535 0.17671545011151 0.22590540191812 0.945340547725223 0.000763719901244697
0.205017727071356 0.0218709986929707 0.125280721404021 0.253082684188793 0.88020862646689 0.000767049085220524
0.206181055948429 0.0220719760904253 0.167593450267783 0.205452760357064 0.908960920196419 0.000741030408111836
0.224070021731185 0.0231417227351846 0.170423457025534 0.220702935133251 0.893654140070785 0.000741378380542803
0.192131068715454 0.0232638186435715 0.166954245852556 0.216681107646474 0.891287126029655 0.000789357379731312
0.196727339314709 0.0237978018495504 0.164342301497393 0.232407105824332 0.942961059624147 0.000747797141210878
0.209421387283117 0.0231022941613065 0.20391612826941 0.239074550030352 0.964584719853001 0.000811977335730486
0.238499215133302 0.0219054764194253 0.142813856117215 0.183961288120117 0.912437988613741 0.000709554600193662
0.180738684219434 0.0236451249085745 0.161580015081471 0.235041410436307 0.847740410744066 0.000775937365443556
0.198877276730205 0.0229405071246601 0.162828071039613 0.190064195186573 0.886863195677006 0.000712704554767898
0.187609421245297 0.0236995027871892 0.182880186651547 0.274864132308453 0.872225542855925 0.000775782775473943
0.183922482733055 0.0208179620011149 0.149549939827706 0.215060767330732 0.820473133802722 0.000772273010025392
0.181088460992942 0.0226029465139288 0.177172421451261 0.264411551108444 0.892779861989063 0.000749637411283448
0.207565095357034 0.0237948176490163 0.176299108572193 0.248608711294965 0.808153362610587 0.000717297097420591
0.215121644982674 0.023294138343948 0.146707424560858 0.185355856980086 0.854934526629167 0.0007045131078521
0.185583924032412 0.022393469041518 0.143252486435074 0.175799917657638 0.896659419327584 0.000692270891692009
0.188549359742591 0.0242989785125936 0.160038081573133 0.224219282949932 0.865979326420548 0.000732543186126558
0.177090583078888 0.0225652880598424 0.14257139696544 0.209582586065691 0.884567506336284 0.000727242873830206
0.194798769136478 0.0215436254782 0.183378733168601 0.209351552922487 0.954556688946175 0.000836937679247006
0.200755753404059 0.021431360367017 0.136800630078444 0.204179317628465 0.87142905052009 0.00071381849725958
0.197328284332068 0.0220382945025152 0.135968775543351 0.247832847401903 0.905232490496833 0.000739268267113936
